484
540 1745 2027
1140
2002 2012 2212 2422
1745 2027
1140
1998 2463 2779 3154 4096
2027
164 165 171 334 376 398 465 484 678 813 1294 1295 1333 1374 1539 1564 1599 1637 1656 1683 1730 1767 1801 2097 2118 2119 2156 2636 2882 3102 3383 3390 3499 3647 3648 3652 3885 3915 3961 4060 4074 4080 4081 4085 4129 4202 4224 4277 4366 4368 4464 4640 4642 4651
1707 2325 3886 4152 4443 4627
346 413 1321 1409 2063 2118 2119 2325 2457 3499 4071 4152
1337 1599 2309 4144
1563 1704 2040 2156 3014 3284 3909 4268
168 169 175 176 279 412 1293 1316 1433 1740 2013 2177 2621 2882 4202
396 453 839 1564 4361 4474 4602
100 747 748 1316 2535 3194 4115 4272
143 787 1718 2184 2483 3218 3338 3956 4629
224 2018 2593 3297 3991
224 522 698 1961 2018 2137 2865 3991 4060
93 136 275 354 968 1393 1594 1802 3067 3425 3509 3622 3623 3888 3889 3912 4091 4108 4199 4225 4256 4367 4376 4463 4475
870 932 1333 1740 1760 2279 2601 3110 3186 3393 4369 4513
339 465 522 894 912 1451 1539 1714 2004 2329 2373 2734 3075 3110 3180 3186 3205 3634 3704 4489
458 678 726 2018 2526 2593 2628 2865 4194 4643
1464 1568 3123
813 982 1513 2100 2501 2661 3139 3164 3168 3197 4341 4623
138 267 410 1619 2089 2146 2210 3076 3148 3923 4112 4374 4387
164 165 1637 1683 2156 2486 4224
2528 4041 4152 4241 4443
839 1564 2631 4618
1312 2044
294 4530
2564 4192
1185 1986 4054
272 1473 2561 2645 4487 4494
79 89 137 152 171 174 377 413 441 465 882 912 1464 1539 1564 1801 2226 2236 2300 2301 2302 2327 2328 2329 2432 2445 2446 2455 2482 2514 2636 2648 2882 3088 3102 3110 3116 3138 3186 3191 3192 3205 3209 3286 3288 3291 3346 3356 3553 3617 3907 3915 3958 3961 4129 4453 4481 4508 4530 4642 4644
140 161 248 285 337 446 846 917 939 969 970 984 1263 1272 1447 1465 1580 1608 1669 1722 1915 2015 2168 2199 2392 2453 2696 2861 3074 3091 3389 3392 3402 3624 3713 4120 4155 4255 4353 4615
1541 2454 2487 3386 3980 4184 4375 4380 4462 4614
266 318 334 1374 1683 1730 1769 1770 2118 2119 2285 2439 2453 2526 3186 3253 3261 3284 3291 3499 3618 3981 4055 4202 4403
1312
101
811 1343 1350 1554 2426 3262
171 264 2636 3296 4408 4484
520 1453 1768 4467
465 1523 1539 2097 2156 2445 2446 2453 2485 3404 4258 4640 4651
1178 4248
1312
1754 2146
371 411 458 522 1961 1962 2137 3638 4510 4512 4517 4612
1868 3457 4189
78 94 115 116 162 221 222 242 243 244 245 254 256 282 316 317 322 326 329 374 381 382 383 384 385 387 393 394 400 415 435 436 437 438 441 442 445 446 644 645 646 647 648 649 650 658 697 728 729 844 852 885 920 929 978 989 991 1256 1293 1321 1329 1342 1409 1410 1411 1440 1465 1477 1500 1512 1552 1555 1604 1664 1689 1766 1861 1922 1938 1974 1984 1986 2003 2019 2020 2062 2086 2202 2203 2257 2264 2265 2267 2305 2342 2420 2438 2443 2457 2466 2480 2482 2505 2518 2556 2563 2564 2565 2585 2603 2605 2673 2681 2689 2874 3024 3054 3056 3057 3073 3094 3160 3219 3238 3329 3337 3382 3394 3395 3399 3404 3649 3782 4008 4021 4066 4153 4203 4352 4400 4445 4453 4480 4663
1417 1475 2288 2289 4099
138 184 267 268 1001 1754 2089 2146 2210 3076 3148 3923
1683 1801 2330 2484 2882 3383 3554 3725 3885 3961 4202 4474 4651
748 1869 2636
352 374 388 438 727 2280 2420 2442 3625 3919 3953 4021 4098 4180 4266 4389
328 357 770 1001 1541 1780 2768 2797 4455 4456
101 1656
250 4594 4604
171 2286 2383 2636 4362
3714 3923 3967
1312
484 488 607 665 848 1483 1500 2226 3124 3904 4176
123 177 246 283 389 395 399 468 522 905 912 1252 1339 1383 1825 2058 2100 2110 2166 2191 2201 2306 2317 2380 2511 2606 2798 2807 3092 3149 3168 3172 3197 3235 3378 4031 4079 4107 4341 4365 4518 4628
179 226 231 376 882 1393 1761 1998 2086 2381 2779 3221 3425 3473 3500 3705 3888 3889 4066 4073 4164 4520
100 878 1175 1567 1813 2859 3112 3196 3590 3942 4198
252 912 3332 3704 4086
658 4019
2055 3181
2011
1357 2396
688 704 1001 4109
673
348 2719 4448
1427 1791 1886 2055 3043 3117 3364 4113
2079
1318 1566 1921 2007 2025 2084 2184 2350 3115 3338 3339 4227 4466
1297 1644
2008
932
866 1651 1914
1450 2418
1656
544 1675 1791 1886 2055 3043
3270
1297 1644 1791 1828 1923 2009 2055 2149 2184 2276 2277 3923 4128
690 973 1945 4415
870 932
1261
268 738 970 1313 2210 2755 3076 3148 4158
1314 4137 4620
223 3181
270 1635 1707 3886 4152 4195 4627
88 1227 1685 1696 1944 1945 2009 2306 2307 2863 3139 3213
901 1644
358 742 1333 1587 3250 4398
379 3181 3268
442 875 1404 1475
172 2623 3117
4517
1829 4236
957 1297 1644
276 760 1249 1275 1386 1539 1619 1933 2442
1826 2145 2148
501
371 1653 2547
2651 3236
2055 2147
955 1916 1917 2026
932 2429
1012 1306 1663 1884 2352 2353
1297
368
870 932
283 2429 3172 3279
663 673
630 3664
1791
658 1655 4019
151 1769 2944
1152 3994
2626
2008
514 515 1740 3236
154 442 1001 1754 2146 4397
1791
3265
1450 2236 2300 2301 2302 2432 3191 3192 3346 3356
630 3663
328 1261 3093
673 906
1450 2054 2120 2184 2301 2350 2417 2440 3191 3355
462 508 999 1000 1788 2047 2676 3147 3709 4343 4349
491 932
141 154 1001 1754 2137 2146 2210
1297 1791 2055 2147 3043
901 902 955 957 958 1297 1427 1578 1590 1644 1691 1701 1702 1916 1917 1918 1923 1930 2123 2145 2147 2148 2153 2184 2421 2524
955 1917 1918 1923 1930 2026 2123 2291
870 932 955 958 1427 1578 1590 1691 1701 1702 1826 1916 1917 1918 1923 2123 2145 2148 2153 2291
4415
1200 1201
1261
328 2154 3141 3181 3270 4128 4377 4533
404 673 1313 2755
328 404 634 688 1248 1313 2755 3324 4016
1085
186 328 1261 1820 3964
1140
1051 3110 4316
3265
446
1140
870 932
4264
1483 3156 4176
1152 3994
1427 1701 2153
634
386 2626 3036 3158 3240 3247 4378
1818
514 515 864 1450 1740 2236 3343
49 608 609 925 1152 1160
2011
594 597 1306 3072 3181
358 999 1685 1900 1944 1945 2009 3139 3265 3311 3734 3957 4019 4161 4626
484
1276 1277 1335
901 1297 1616 1644 3181 3270 4399 4493
471 594 1616 2155 3270 3342 4482 4639
406 1423 2312 2660
2147
232 709 1247 1425
1791 2055 3043
2332
404 669 673 1313 2755
1791 2055 2277 2449
1592 2515
1450 1578 4165
712 1345 3116
792
2149 2276 2277 4666
4639
2126 4639
1427 1826 2145 2148
679 690 794
630 1792 3663
3994
491
608 609 925 1151 1152 1798 2362 2369
634 792
1450 2054 2120 2184 2301 2350 2417 2440 3191 3355 4165
1619 1933 2442
73 2626 3059 3128 3181 3247 3279 4237 4354 4597
4252
514 3236
514 515 864 1740 2339
328 1450 2054 2120 2184 2301 2350 2417 2440 3191 3355
1333 1418 2210 2231 2383 2506 2564 2882 3054 3076 3148 4019 4398 4503
2970
955 1916 1917 1918 1930 2026 2123 2291
1754 1791 2055 2146 3312 3923
471
2149 2276 2277
1032 3681 3694 3796
955 958 1406 1427 1701 1916 1917 1918 1923 1930 2026 2153 2291 3239
235 236 705 955 956 958 1791 1818 1826 1916 1917 1918 1923 2055 2123 2145 2147 2148 2149 2276 2277 2524 3173 3370 4154 4247
712 1345
1704
673
1498 3047 3049
2149 2276 2277
1431 1610 1754 2146 2210 2305 3091 3148 3916 4636
2987 2988 2989
100 1689 3347 4077 4623
901 1297 1644
1566 2084 2149 2184 2276 2350 2390
901 902 1297 1427 1644 1691 1701 1702 1918 1923 2145 2147 2148 2153 2390 2524
870 932
806
2308 2780 3154
1653 2170 2547
2926 2949
1297
2147
901 902 957 1297 1644 2147 3181
2626 3128 3247
1791 2055
3954
1826 2145 2148
234
2093
1450 4165
501 1754 2429
673 792
1691 2291
1297 2147
753 1152 2326 3457
3179
733 1318
1944
1140 3415
453 839 1565 1961
862
348 901 902 955 957 958 970 1297 1427 1450 1578 1584 1590 1644 1691 1701 1702 1916 1917 1918 1923 1930 2123 2145 2147 2148 2153 2390 2524 3908 4247 4391 4448
537 961 1225
1012 1663 2352 2353
2147 3294
634 673 688 792 1248 1583
453 870 932 958 1406 1578 1590 1826 2145 2148 2623 3117
690 928
958 1918 1923 2147 2277 4457
1450 2054 2120 2417 2440 3051 3355 4265
1427
482 870 932
2335 2336 3076 3210 4236
901 902 957 1297 1406 1644
2390
792
2170 3270
1306 3072
514 1548 2626 3025 3059 3247 3899 4402
787 1718 1752
901 957 1297 1644
2206 2548 2549 2550
1306 3072
901 902 957 1297 1644
1427 1826 2145 2148
845
720 721 1387 1426 2542 2637 3651
515 864 1427 1701 2153
901 1297 2147 3958
86 286 910 2170 2625 3036 3059 3158 3240 3247
673
1450 1585 2054 2120 2418
594 634 673 688 729 792 910 1248 2277 4016
870 932 1691
471 661 891 990 1269 1304 1460 1574 2173 2176 2190
406 1423
3596 4132
2626 3036 3158 3240 3247
1450 2008 2054 2120 2417
2078 2079
2008
2147
901 902 932 955 957 958 1297 1427 1578 1590 1644 1691 1701 1702 1791 1818 1916 1917 1918 1923 1930 2055 2123 2145 2147 2148 2153 2390 2421 2524 3043 4247
1427 1701 1918 2153 4154
2295
901 902 1297 1644 3338
268 1619 1933 2210 2442 3076 3148
955 958 1427 1701 2153
2429 3172
1032 2388 3064 3354 3681 3694 3796 3799
1566 2350 3338
1341 1798 2388 3495 3994
1450 2054 2120 2184 2301 2350 2417 2440 3191 3355
3384
957 1297 1427 1918 1923 2145 2147
328 673 792 910 1248
955 1791 3043
514
901 902 957 1297 1644 3168
1450 1585 2120 2417 4165
690
2147
271 1291 3794
2126 2332
49 608 609 925 1152 3143 4586
318 328 634 792 1584 1769 1770 1793 1926 2439
712 1345
1427 2147
901 1297 1644 1818 1918 1923 2123 2147 2291
708 1453 1961 2107 3047 3049
514 515 1740 2652 3179 3236
2425
608 609 1151 1152 3457
658
442 1139
712 1788 1990 2047
673
1306 3072
1306 3072
903 1155 1795
3681 3994
1266 1653
787 870 932 958 1718 2145
1427 2145
732 818 1276 1277
1081 2719
1085 1087
174 1752 1791 2055 2149 2277 3043 3110 3186 3205 3291
2147 3181
507 1032 1482 3681 3694 3796 3799 3994
958 1578 1826 2145 2148 3181
390 901 902 955 957 1297 1427 1616 1644 1791 1826 1918 1923 2055 2123 2145 2147 2148 2524 3043 3181 4399 4493
980 1249 1275 1386 1619 1933 2261 2442
1754 2146
901 1297 1644
1450 2054 2120 2184 2301 2350 2417 2440 3191 3355 4165
665 848
1754 2146
318 1450 1769 1770 1793
1306 2352 2353 3072
186 1445
1754 2146
1684 2124
1001 4599
1923 2025 2055 2084 2718 3181 3338
3270 4639
1450
2008
1791 2055 3043
955 1297 1427 1548 1644 1691 1701 1702 1918 1923 2123 2145 2147 2148 2153 2524 3181 4247
1678
1081
132 547 2101 2146 4121
634 674 2527 4016
183 515 864 2146 2261 2662 4137
901 957 1297 1718 3338
958 1578 1590
2 1032 3681 3694 3796 3799
1684 2124
1306 2352 2353 3072 3135
870 932 3181
955 1427 1701 2153
232 1247 3281 3969
1357
35 597 1032 2326 2388 3354 3472 3694 3796 3799 3954 4358 4650
1704
128 630 2190 3663
901 902 957 1297 1644
2149 2276 2277
4176
328 1248 2170
1754 2146
1818
955 958 1427 1578 1590 1644 1691 1918 1923 2123 2145 2147 2153 2524 3117 3205 4151 4154
328 630 3664
2149 3338
901 957 1297 1644
2925
901 1297 1427 1691 2291
845 1276 1277
720
491 494 927
83 1318 1566 1791 2025 2055 2084 2149 2184 2276 2277 2350 3338 3958 4154
81 528 601 1952
901 957 1297 1644
62 2806 2894 3661
1357
22 2269
870 932
775
1249 1275 1386 1573 1619 1933 2442 3314 3644
2652
3271 4006
3270 4639
2626 3128
690 928
328 471
328
328 3270
1479 2146
2564 3236
746 899 3603
482 728 894 2612 2857 3262
36 50 767 1012 1170 1207 1306 1345 1663 2352 2353 3181 3534
634 688
955 956 1427 1791 1826 1918 1923 2055 2145 2147 2148
862 2805
1357
955 958 1297 1427 1450 1691 1701 1791 1917 1918 1923 2055 2123 2145 2147 2153 2291 2390 2524 3043 4247
128 712 1345 3187
489 787 1718
2008
404 673 1313 2755
474 1440 1583 2041 2579 2796 4257
4599
845 2510
1581 2253
508
1317
1754 2146
584 932 958 1427 1918 1944 2009 2145 2147 2277 2300 2390 3343 4482
2147 3181
820 1904 4620
1810 1827
1081 1082 1083 1087 1187
120 4331
237 514 515 1740 2652 3393
442 712 2063 2289 4099
328 2350
584 901 3338
1032 3681 3694 3796 3799
234 286 386 1427 2147 3036 3240 3247 4402
489 524
760 862 1758 3245 3661 4490 4491
870 932 955 1406 1917
901 902 957 1297 1566 1644 1769 2350
1754 2146 2210 3148
955 1916 1918 1923 2055 2291 4154
958 1578 1590 1826 2145 2148 3401
1140
690 4415
3457
1791 2055 3043 3117
515 864 2146
824
1261
251 359 746 1752 1781 2338 2425 2525 3917 4009 4228 4497
1357
1818
1754 2146
4599
673 792 910 2415
955 958 1427 1578 1590 1691 1701 1702 1916 1917 1918 1923 2123 2153 2291
1826 2145 2148
663 669 673 856 948 986 1344
1926
234
493 1615 1620 2206 2548 2549 2550 2856 3359
1085 1087
404 673 1313 2755
870 932
95 1450 1644 2054 2120 2184 2301 2350 2417 2440 3191 3355
1440
65 3406
634 792 905
1918 2390 3181 3239
261 1465 1754 1888 2146 3076 4636
514 515 2638 3613
1032 3681 3694 3796 3799
547 969 979 984 3365 3878 4200 4345
2949 2964 3350
1427 2145
2149 2276 2277
870 932
2517
886 1089 1102 1103 1435
923 1357
234 4402
2002
468 705 854 891 990 1269 1299 1515 3146 3159 3398
673
1248
234 386 901 902 957 1297 1644 1826 2145 2148 2626 2640 3028 3036 3158 3247 4402
1248 1427 1691 1917 1918 1923
634 910 1248
630 3663
528 1441
2255 2462 3315 3964 4104
2008
958 1578
1423 1775 1941 2230 3214
1000 1788 2047 3709
621 2803
958
1140 1193 2620
673
823 3148
390 1266 2147 3181
1261
1227 1944 1945 2009
658 1655 4019
442 712 1345 1712 2063
2806 3661
3270 4639
1752 2149 2276 2277
634 792 1241 1248 1481
630 3663
442 4099
1685 1900 1944 2009 3139 3163 3164
2149 2277 4154
2332
634 688 1248 1318 4016
955 956 958 1918 1923 2055 2145 2147
1566 2184 2350 3338
2290 4448
96 234 386 905 1826 2055 2145 2148 3025 3181 3247 3279
1427
404 673 1313 2755
1140 3415
1248
2027 4102
547 870 932 958 1578 1826 2145 2148
955 1916 1917 2026
1297
1151
2862 3172
1828
33 787 1718 2184
328 634 688 1248 2385 2755 3181 3309 4016
3104
601 787 1718
1600 2011
1427 1691 1918 2145 2148 3181
3270
328 4176
1944 2008
1012 1306 1663 2352 2353
754 935 961
673 910 1248
1342 1664 2335 3077
609
2008
1357
1427 3279
790 3954
1306 3072
515 3236 4271
955 958 1427 1590 1826 1916 1917 1918 1923 2026 2145 2148 2291
4610
1080 1537 2595
2145
910
630 3664
514 515 864 1740 2339
2149 2276 2277 4154
630 3663
1826 2145 2148
2149 2276 2277
630 3105 3663
406 1423
1001 1754
1754 2146
60 1032 2388 3354 3457 3681 3694 3796 3799 3994
955 958 1427 1578 1590 1691 1701 1702 1916 1917 1918 1923 2153 2291
1427 1791 1918 2055 2147 2291
886 1682 3210 4355 4599
673 792 1248
1792
2147
740 1339 1340
1854 2390 2415 3043 3338 3770 3958 4639 4658
501 1357
1826 2145 2148
4346 4385
901 902 957 1297 1644
955 956 958 1427 1578 1791 1916 1918 1923 2055 2145 2147 2148 2390 3043
471 1498 3047 3049
901 2390 3338
440
2210 3172
3338
787 1718
955 1427 1578 1590 1691 1916 1918 1923 2123 2145 2147 2148
3271
371 1653 2547
2147 3294
122 3327
1032 3681 3694 3796 3799
3270 4482 4530
669 673
597
1001
2148 3043
725
901 902 957 1297 1425 1566 1644 2350
2147
1619 1754 2146
3270
958 1818 1918 2123 2145 2147
1675 1886
1450 1566 1769 1988 2300 2350 2944 3173
328 3270
374 438 593 1249 1275 1386 1619 1933 1972 2032 2442 2502 3254 3375 3929 4379
114 441 634 781
2390
4236
57 572 675 1083 1084 1086 1187 4517
1798
2651 3236 4245 4478 4529 4646
1305 4056
845
673 792
839
505
901 902 957 1297 1644 2147
687 1762 1818 1940 2147 2883 4142 4630
673
1693 2126 2151 2334 2335 4636
1297
787 1718
1306 3072
237 514 515 720 1740 2339 3179 3236 3393
732 926
4482
1427 1918 1923 2145 2147
905 1079
1306 3072
1675 1801 1886 2882 3401 3961 4464
1297
328 509 634 2350 3266 4016 4138
1754 2146
288 349 653 915 916 971 972 1447 1746 1805 2253 2374 2521 2554 2555 3905 4139 4235 4246 4328 4348 4515 4631
690 974
1514 1754 2146 3483
2589
1357 3613
2147
1450 2054 2120 2184 2301 2350 2417 2440 3191 3355
141 154 663 1001 1625 1754 1815 2146 2210 3022 3030 3085 3096 4527 4530
2011
958 1427 1578 1590 1818 2145 2147
442 900 1081
1249 1275 1386 1933
958 1578 1590 1691 1702 1826 2145 2148
2008
2149
901 1297 1644
1297 1427 1675 1691 1718 1918 1923 2055 2291
547 1685 1944 2009
4639
2572 2652
901 902 1297 1644
1297
1342 1358 1524 1664 1875
1754 2146 3373
905 2149 2276 2277
1754 2146
597
870
1171 1179 1306 3072
1926 2155 2418 4128
237 514 515 864 1740 1981 2339 4513
358 1587 4275
1754 2146
728 968 2563
634 792
1227 1685 1900 1944 1945 2009 3139
341 2277 3726 3924
1306 2352 3072
1068
2008
1791 3043
1234 1235 1236 1427 1863 2145 2793 4391
3681 3994
328 673 792 851
901 902 957 1297 1644 2147
96 541 2149 2276 2277 3181
348 1450 4448
663 673
2862
634 870 932
2008
552 787 1718 1918 1962 2941
2149 2276 2277
1706 2210
404 673 1313 2755
2465 2724
751 1268 2084 2441 3409 3414 4324
328 1450 2054 2120 2184 2301 2350 2417 2440 3191 3355
1427 1691
2589 3258
402 547 870 932 958 1427 1625 1791 2055 2145 2707 3043
2149 2276 2277
1396 2522
3271 4006
1248
673
1754 2146
358 1587 3250
1718 1818
2780 3154
958 2145 3043 3117
870 932 955 1406
347 870 3330
3270
514 515 864 1740
1754 2146
870 932 1406
2002 2212
1297 1427 1691 1701 1918 1923 2145 2153
2011
2308
630 3663
514 515 2652
1357
634 688
1498
1423
2147
923 1357
1383 2651 3236 4245 4529
2390
634 688
1140 3466
4639
1318
673 1313
2008
27 97 131 391 1450 1566 1584 1601 1718 1769 1770 1926 2007 2025 2054 2070 2084 2120 2184 2257 2300 2301 2302 2350 2390 2417 2418 2431 2432 2440 2447 2449 2855 3036 3059 3115 3128 3240 3247 3273 3338 3339 3355 3659 3908 3958 3989 4024 4158 4165 4227 4466 4521 4652
2149 2276 2277
462 630 3663
870 1406
2147
720 970 3236 4492
955 1917 2149 2390 3239
2126 2332 2334
2006
901 1297 1752 1791 2055 3043 4154
73 1826 2145 2148 3181 3270 4597
234 237 295 330 386 514 515 864 1675 1740 1760 1886 2132 2133 2154 2155 2339 3141 3270 3342 3393 3893 3910 4128 4356 4377 4382 4402 4482 4513 4607
1312
283 2147 2210 3172
2149
2634 3197 3340 4623
1427 1678 2084 2184 2350 3958
191
2126 2151 2332 2334 2335 4636
1916 1917
1081
2147 2589
2149 2276 2277 2278
2793 3265 3279 3340
3658
77 1590 1791 1918 1923 2055 2123 2291 2524 3124
870 958 1427 1578 1590 1826 2145 2148
1249 1275 1386 1619 1933 2442
1818
1854
2126 2151 2334 2335 2336
630 3664
1427 1918
901 902 957 1297 1427 1644 1791 1918 1923 2123 2147
955 956 958 1578 1590 1826 1916 1917 2145 2148
237 514 515 1740 1754 1760 2146 3094
1791 2055 3043
870 932 1406
235 236 1001 1754 2146
901 902 957 1297 1644 1818
787
1297
630 3663
787 1718
141 533 658 707 1285 1335 1754 1806 1827 1847 1960 2146 2312 2575 2941 3094 4137
4176
634
1151 1152 3681 3994
3186 3205
2147
749 939 1264 2105 2949 2964 2993
955 1916 1917 2026
955 1916 1917 1930 2026 2123
1081
2149 2276 4154
634 792 1248
669 673
870 932 955 1406 1917
4639
1450
1754 2146
958 1578 2145
2011 2210
2147
958 1427 1656
2390
1305
663 1818 2147 3402
1466 2164 4471
358 508 594 1900 2619 4593
328 634
1306 2352 2353 3072
957 1297
2427 2471
1566 1718 2350
1249 1386
870 932 1406
1248
2147
901 902 957 1297 1644
690 815
391 454 955 968 1427 1691 1701 1702 1791 2055 2123 2153 2390 3043 3117
787 1718
1318
1754 2146
1743
2782 3123
141 404 1313 1987 2755
235 348 2009 2626 4344 4378 4448
128 1305 1306 3072 3293
1916 1917
1357 2652 3179
49 3681 3799
870 932 1406
4639
886 1844
690 4415
1788 2047
1318
1261 3400
1754 1819 2146
787 1718
430 1481
2279
669 673 910
1001 1754 2146 2210
1140
283 395 399 1383 2525 3172 3962
552 1001 1085 1087 1447 1486 1960 2137 2312 2945
958 1578
901 902 957 1297 1644
2107
514 515 720 1740 2652 3236
607 2226
386 576 910 2626 2640 2793 3028 3036 3158 3240 3247 4378
1342 1664
754 886 944 2883 4142
328 729 940 1248 1261 2537 3181 3294
644 1450 1769 2300 2944 3173
760 2011
1305 4056
514 515
3472 3954 4111 4358 4390
463 1664 3123
1058 1112 1125 2473
1854 3181 3270
901 902 957 1297 1644
1675 1828 1886
1427 1691 1702
328 3148 4328
547 4121
1427 2184 2390 3110
1012 1039 1663 2831 2832 3544
328 2954
2573
404 673 1313 2755 4162
630 3663
847 859 1243 1254 1338 1383 1754 1819 1820 2038 2146 2210 3148
1012 1306 3072 3135
7 608 609 1152 2388 2842 3354 3954
386 2626 3036 3158 3240 3247 4378
1378 1440 2118
3270
787 1718
285
1012 1207 1306 1663 2352 2353
3903
3994
901 1297 1644
1248 1427
454 870 932 1406 1959
634 746 1323 1500 1899 2395 2427 2471 4018
1032 3994
2210 2862 3172
328
901 902 957 1297 1427 1644 1818 2147
1312
2147
630 3664
508 1000 1788 1897
1781 2525 3181 4009
901 2147 2517
658 1890 2170 3294 4019
740 1339 1340 2230 3214
720
1918 1923 2291 3239
2882
2149 2276
1081 4517
838 1514 1684 2473
2147
901 902 957 1297 1644
4639
947 1500
494 1900 2126 2335 2336 3139 3163 3164 4636
1357 3117
2025 2084 2350 4227
3271 4006
720 1387 2542
533 3032 3990
350 351 688 2164 2657
658 4019
2170 3048 3155 3260
658 1655
1345 1854
1427 2153 3181
712 1345
870 932 1406
284 663 2415 3305
1791 2055 3043 3712
1791 2055 3043
403 2147
1450
634 1410 1861 4016
328 1261 1961 2137
1140
3994
358 3139 3164 4593
1791 2055 2147 3043
328 3036 3158 3240 3247 4493
2350 4227
3048 3065 3155
2210 3148 3784 4402
3279
1486 3172
2154
1718
484 1013 3533
283 2429 3172
484 2226
1583 2041 4257
328 1261
1248
1653
404 673 1313 2755
442 1404 4265
1886 2210
1775 1950 3099
910
901 3338
393 870 932 958 1486 1526 1533 1545 1578 1590 1601 1826 2145 2148 2430 2791 3181 3377
1012 1663 2352 2353
328 2110 4031 4118
3994
1032 3681 3694 3799
22 2269
901 902 955 957 1297 1644 1791 1818 1826 1918 1923 2055 2145 2147 2148 2291 2524 3181 4247
1268
514 515 864 1740 2339
3415
2147 3043
1160 2694 3799
901 957 1297
955 958 1791 1918 1923 2055 2145 2148 3043 3181
1031 1439 3089
870 901 902 932 955 957 1297 1427 1548 1644 1791 1918 1923 2055 2147
1261
1450 3279 3340 4165
1012 1663 2352 2353
1791 2055 2084 2390 3043
442 4265
720 932
120 186 266 644 898 1450 1769 2431 2449 2695 3179 3186 3646 3958 4331
2332 2336
720 3043
538 1826 2145 2148 3181 4237 4354
1032 1151 3681 3694 3796 3799
4142
1012 1306 1663 2352 2353
3265
1261 1422
141 760 1806 1888 1928 1966 2058 2231 3231 3405
1791
1675 1886
1081
174 266 1791 2147 3110 3958 4639
328 1450 2184 2301 2350 3191
955 1297 1427 1791 1918 1923 2055 2147 3043
2147 2509
1306 3072
2008
862 1306 2805 3072
1357
328
870 932 3181 3270
77 634 1513 1752 2149 2276 2277
1427 2153
634 673 1248 2874
955 1427 1691 1701 1702 1826 1916 1917 1918 1923 2145 2148 2153 2291
720
644 1769 1988 2300 3173
3418
1923 2055
2149 2276
870 932
514 515 864 1740 2132
2155 3181 3270 4017
634 1288 2866 4016
915 1005 1357 1447 2396
1450 2008 2054 2120 2417
1718 2184 2390 3338
955 958 1427 1578 1590 1691 1701 1702 1826 1916 1917 1918 1923 2123 2145 2148 2153 2291
2953
2390 3025 3703
870 932
1306 3072
1450 1585 2008 2054 2120 2417 4165
4231
1693 1811
1012 1306 1663 2352 2353
2149 2277
870 932
1079 3181 4332 4660
1032 2388 3472 3954 4358
435 436 660 852
870 932
2008
1583 2041 2579 4257
1318
1234 1235 1236 2407 3181
1696
328 1103
787 1427 1791 1828 1962 2149 2184 2276 2277 2390 3958
669 673
1227 2009 3265 4019
901 902 955 957 958 1297 1427 1578 1590 1644 1691 1701 1702 1916 1917 1918 1923 1930 2123 2147 2153 2390 2524
787 901 1644 3338
2025 2084 2149
3270
328 1254 4252
901 902 1297 1644
630 3664
1297 1427 2390 3239
328 669 673 2137 2577
1427 1691 1701 1702 2153
644 1769 2300 4075
2147
870 901 902 932 955 957 958 1297 1427 1578 1590 1644 1691 1701 1702 1818 1916 1917 1918 1923 1930 2055 2123 2145 2147 2148 2149 2153 2276 2277 2291 2390 2421 2524 3043 4247 4630
901 902 957 1297 1427 1644 1691 1918 2147 2153
2336 3373 4236
378 823 3148 3954 4332 4660
970 1791 1918 1923 2055 2291
2277
96 386 720 2572 2640 2793 3028 3181 4378
584 1566 1718 2350 3338
2147
1675 1886
328 1254 4252
2425 2558
2862 3172 3340
2210 2862 3172
1427 2145
468 785 786 889 890 990 994 1269 1289 1299 1363 1946 2284 2317 2318 2570 2641 2642 3122 3123 3361 4011 4386
4113
4169
91 471 704
404 673 1313 2755
1890
1854 4441 4658
1261
630 3664
3105
955 958 1427 1578 1590 1691 1701 1916 1918 1923 2123 2145 2147 2148 2153
854 931 990 1269 1515 1574 2173 2176 2190
1566 2084 2184 2350 3339
870
1393 3377 3401
290 291 292 2028 2340
1000 1592 1788 2488
2012
1754 2146
3039
870 932 1406
545 2862 3340
870 932
870 932 1427 2145
551 552 3085
932
1140
1140 1404 1886 3415
1087
1900 1944 2009 3265 4019
630 3664
3270
2361
2652
514 515 2651 2652 3236
3658
608 609 1151 1152 1884 2266 2707 2842
608 609 1151 1152 1798
608 609 925 1151 1152 1160 1798 3143 4586
3681
608 609 925 1032 1152 1160 1180 1798 3681 3694 3796 3799
608 609 925
608
901 3338
901 1644 3338
901 1644 3338
3338
1357
2011
720
73 1450 2301 2417 3270
2011
1357
2011 2516
1450 2054 2120 2184 2301 2350 2417 2440 3191 3355
1450 2054 2120 2184 2301 2350 2417 2440 3191 3355
1450 2054 2120 2184 2301 2350 2417 2440 3191 3355
1450 2054 2120 2184 2301 2350 2417 2440 3191 3355
1450 2054 2120 2184 2301 2350 2417 2440 3191 3355
125 1943 2302 2507
634
870 932 955 1917
870 932 1427 1791 2145
1427
870
1254 1886
1079 2722
601 720 725 825
320 455 576 687 734 752 802 924 1352 1620 1659 1940 2493 2793 2944 3029 3247 3950 4142
1694 2382 2793 4601
720
404 669 673 1313 2755
2429 2862 3172
673 906
86 234 286 386 2625 3036 3059 3158 3240 3247 4402
386 4493
955 958 1427 1578 1590 1916 1917 1918 1923 2153 2291
328 1619 1933 2210 2442 3076 3148
862
673 792 910 1248
720 721 1387 1426 2542 2637
1754 2146
1754 2146
1718
1754 2146
901 902 957 958 1297 1427 1578 1590 1644 1691 1701 1702 1826 1918 1923 2145 2147 2148 2153
1012 1663 2352 2353
634 792 1248 1378 2027 4102
539 547 870 932 1406
787 870
901 902 957 1297 1644
673 906
547 736 1354 1625 3068 4599
1685 1944 2009 3139
608 609 1151 1152 3478 4585 4586
608 609
608 609 1151 1152
1152
4176
1754 2146
1248
952 3571 4093
2528
1427
3270
547 3217 3265
634 792 1248 3104 4016
1234 1235 1236 3270
720
634 792 2435
2149
1754 2146
182 1312 1619
1265 1450
2154
2149 2276 2277
348 4259 4448
1675 1791 1886 1918 2055 2623 3043 3117
2149 2276
1916 1918 2123 2421 2524
1752 2149 2276 2277
1791 1918 1923 2055 2291 3043 3117
2524
2149 2276 2277
1427 3043
955 1916 1918
2149
1918
958 1675 1826 1886 2055 2145 3043 3117
1248
1450 2054 2120 2184 2301 2350 2417 2440 3191 3355
955 1916 1918
1918 2524 4154
1248
1450 2054 2120 2184 2301 2350 2417 2440 3191 3355
287 541 2149 2276 2277 2278
2149
1791 2055 3043
174 266 2184 3186 3205 3291 3958
634 4016
1918
2149 2276 2277
1318 1410 1411 2305 3015
1918 1923
1248
2008
287 2149 2276 2277
1427 3958
2149
2055
2008
519 1411
1248
287 541 2149 2276 2277
30 97 131 1450 1584 1585 1793 1926 1927 2008 2054 2120 2417 2418 2855 3908 4165
2874
2149 2276 2277
1791 2148 3043 3117 4113
958 1427 1578 1590 1675 1791 1886 2055 2148 2623 3043 3117 4113
1791 2145 2148
870 932 1406
1140
1140
1276 1277
2603 2605 4112 4463
2008
2008
2308
901 902 957 1297 1644
455 600 601 605 815 2249 2821 3367 4057 4076 4197 4225 4396
115 119 133 166 167 320 335 454 455 484 485 487 492 495 525 526 527 528 529 530 531 545 553 555 557 567 568 574 575 577 578 579 582 586 587 588 592 595 596 601 606 634 652 655 656 666 684 686 688 689 707 708 725 734 743 744 764 791 802 808 812 849 857 858 860 906 933 944 950 998 999 1198 1280 1389 1390 1447 1455 1468 1480 1493 1523 1616 1622 1623 1657 1665 1742 1769 1837 1884 1940 1952 1969 1992 2038 2157 2169 2171 2373 2396 2398 2409 2479 2512 2571 2679 2700 2801 2811 2821 2854 2885 2890 3026 3118 3129 3134 3176 3231 3277 3786 3918 4103 4197
2008
1450 2154
1522
608 609 1151 2326 2596 2830
399 1752
1754 2146
3664
1032 3495 3681 3694 3796 3799
3994
3994
505 1149 1579 2758
49
958 1248 1691 2148
690
4200 4345 4385
1498
1498 1650
955 1427 1691 1918 2145 2148
2147
955
955 1297 1427 1918
2147
2147 3294 4247
955 1427 1691 1918
1427 1691 2145 2148
1427 1691 1918
958 1427 1691 1702 1918 2145 2147
902 1644
1675 1886
2146
454 1355
915
564 2870
463 878 953 1634 3417 3973 4372
365
2406
466
3217
365 2218 3686
259 457 619 679 712 798 1345 1787 2978 4281
446
328 404 634 688 1306 1313 1383 2058 3260 3324 3335 3379 4016 4138
898 3437
1900 3139 3164
809 4067
514 515 2389
586
307 2683
2241
2406
2710
1553
430
2301
866
1627 3724
462
3498
2538
3121
515
2263 2870
1452 2370
4502
2827
551 1210 1534 1766 2867 2894
1363
1470
1790 3940
2437
2425
1961 2137
3112
1465
1050
1167 2949
679 1716 2957
4 193 1671 1850 2217 2994 3480 3675 4280 4309 4327 4370 4411
2700
1509 2305
2882
2063
59
450 451 826 3436 3439
430
1553
866 1278
328 634 1248 1309 3148 3294 4016 4154
297 1405 3140 4582
571
436
2780
1195
1367
473 1517 1883 2646 2814 2914 4097
2999 3684
2024
1872
2175
2780
484 493 866
3112
344 908 1503 2459 2849 4157
898
2321
630
1433
1576
3023
1339
866
770
866
2779
341 430 3726 3923 3924
866
883
515
2789
122 281 366 696 731 872 881 1095 1146 1286 1307 1358 1407 1424 1443 1686 1709 1846 2359 2367 2517 2997 2998 3131 3262 3284 3507 3517 3587 3684 3776 3979 4163 4242 4441 4549 4557
2969
1300
2684
2469
839 1192
1440
3988
3361
1534
3219
2538
2807
484 2631 3228
484 866
3413
866
2507
2788
2799
2376
545
3369
2686
3140
2747
2115 2385 2386 2618 4534
1048
515
1423 2761 3246
1482 2337
2244
2024
1267
1900 3139 3163 3164
475
2507
514 515 1740 4318
1983 2971
3453
1471 1472
10
3023
500 866 867 1718
3508
3361
942
891 936
1839 4451
602
76 134 247 798 894 1026 1244 2509 2519 2602 3130 4645
831 1130
829
1094
1970
504
1296
297 1064 1132 1405 2160 3529 4546
1576
1961 1962
1341 1625 3022 3030 3085 3096
1295
630
1934
426 430 571 2982
1572
2816
1879
785 1363
520 1768
1534
1961
970 984
2137
866
1754
3804
4334
479 766 1247 1612 2024 3281 3601 3969
894 3010
1295
501 4523
103 1273
2701
561 1029
1001 1248 1411 1465 1497 3091 3379 3626
1327 3445
2604
2675
2294 2828
2341
2760
2543
700 965 966 1857 2056 2411 3212 3263 3732 3901
483 620 865
183 249 1779 2058 3122 4130 4254 4519
2752 2754 2983 3153
1167
1363
1482
1631
1839 4451
2915 3442 3509 3535
692 862 2804 2805 2806 3226 3661 4177 4252 4381
3441
866
916
634 4016
2099
1001 1415 1506 3428
1802
1009 1010
1492
1890
483
630 1348
1816
3294
718 3148
630 1501
328 1001 1754
1363
2181
505 507
285
954
754 1695
2393 3783
4548
493 866
2686
1363
2024
1407 1424 1443 3507
1743 2087
800 3452
432 500 529 583 837 917 970 1363 1576 1997 4190
870 932 1333 1563 2036
2262
1559
483
892
709
2241
2413
2870
1483
1747 3781 4265
2966
3110
482
129 183
503
502 2337
1117
772
1283
866
1559
1249 1933
106 142 199 214 285 498 515 722 754 894 989 1022 1043 1052 1066 1077 1396 1434 1525 1634 1647 1735 1962 2016 2252 2303 2810 2837 2848 2852 2873 2979 3000 3133 3216 3417 3455 3539 3575 3602 3741 3744 3878 4130 4186 4340 4541 4561 4563 4564 4566 4578 4669
3730
183 3171
1363
3361
1447
2506 2507
2780
190
3361
358 1900 3139 3164
1199 1431 2371 4397 4500
318 1769 1770 2216 2439 2649 3205 4448
482
1747 3781
3139 3164
809 872 4067
894
936 1269 1363
514 515 1553
515
828 2991
871
2844 3759
2351
324
3217
3791
358 464 690 928 1120 1186 1634 2063 2198 2270 2501 2857 3111 3153 3391 3427 4170
867 1019 1531 1894 1968
205 2909
493
872
1296
3037
4213
4310 4311
726
3109
482
1178 1756 1885 1896 2925 4322
3361
4661
2150
302
103 201 209 324 658 837 840 865 975 1048 1049 1058 1105 1147 1273 1395 1674 1753 2052 2238 2338 2357 2368 2538 2675 2820 2933 2972 2974 2990 3010 3087 3459 3742 4000 4003 4025 4026 4040 4190 4215 4286 4299 4323 4416
1270
916 2374
1961 1962 2137
525
1747 3781
1890
3033
814 1295 1465 1538 1603 1852 2056 2639 4567
2160
630
141 183 785 1297 1300 1816 2284 2343 2344 2460 2464 2507 3090 3170
458
1576
1139 3828 4265
2444
365
1639
3498
1465
261 1465
1821 2671
921
466 2928 3680
1510 4265
1961 1962
2531
2121
3112
211 1096
111 1357 1880 2599 4295 4303
630
3381
2539
4292
1270 1535 1920 4002
11 837 1058 4040
1934
2934 3498
2345
1961 1962 2137
866
4501
1754
1961
2374
1839
795 1816 2170 2507 3018 3302
297 3579 3762
678 1812
2126 2151 2305 2332 2334 2335 3210 4636
2300 2301
1304 1695
205 452 697 1122 1388 1860 2379 2909 3762 4364 4373
2827
365 1605 2219
923 1005
866
2935
1137
2118
1396 2526
515
2374
1576
571 989 1986
1634
814 2404 2589
1961 1962
15 17 31 786 1998 2129 2726 2727 3562 3673
1683 2156
503 1431
866
4034
2262
866
3023
1347
515
1157
813
916
1640 1816
2098
814
505 507
1886
508
4206
894 1244 1354
1465
630 702
1435
442
1704
1277
3641
884
1076 1664 3906 4440
1754 2945
3416
866
1137
4523
728
795 1816 1928 3018
2253
1853 2686
479 766 1612 2024 3601
1882
505 759 1428
1172
3481
430
2811 2821
1036 1037
1839
719
1867
436
1465
680
1120 1945 2377
2957
1482
3447
1036 1037
2103
992
1961
171 831 1270 1630 1715 1812 3390 3515 4002 4560
1962
3013
59
1490
884
521 1157
931 3060
446 680 1019 1596 2074 2543 2810 2843 2913 3530 3936 4219 4430 4679
2598 3687
1559
1175 3196
2237 2734
837
1752
2501
3112
4488
984
1718
3942
1929 2189
2807
1336
2688
105 960 1074 1363 4003 4218 4679
1655
2406
274 2000
836 1480
1134
2501
2957
3640
3509 3535
634 1411
2087
630 662
908
2844 3759
1036
3361
1521 1551 1903 3263 3349 3901 4447
1816
1754
1839
3764 4134
115 1729
1961 1962 2137
1075 1333
482 535 663 673 3519 3748
1886
549 2095
298
4501
855 1523
4329
363 709 1631
515
515
462
1096 1345
988
1718
2915
483
521
462
237 515 880 1740 2413
797
1011 1961 2137
725 1345 1957 4050
904 1712 2102
1380 3167
3680
1396
1931
2928
4451
505 507
436
1942 3437 3462
2218
2833
2244
653 915 916 1447 1492 1505 1746 2253 2374 2521 4501
679 1096 1345 1355
1377
1386
1576
1145 1396
1571 1829
719 953 1077 3048 3155 3502
439 1114 3543
754 1418 2808 4645
716
1248 1754 2146 2210 2305 3148
698 2697
821
866
1518 1748 2693
274
1396
1364
1052
3361
2354
4488
1311 1666
1175 3196
1227 1443 1944 1945 2009 3196
2402
285 604
484 493 866
866
2569 3213
2957
515 951
483
501
1816
1727
1312
457 1096 1345 1494
59
3187
3535
4499
1444
2128
463 1634 2063
2528
2780
1320
715
1452 1713
90 1267 4505
1058
2828
3381
3454
813 1295
213
1379
1411
679 4415
547 989 1431 1961 2017 2654
1746
1896 3607 4425
2097
1633 1938
1873
1353
828 1501 1919 2991 3052
4123
1961 1962 2137
1363
4041
1308 3042 3151 3187 3405 4453
2103
460
914 4523
711 1318 1704 3377 3379
1718 2899 3996
874 1480 2513 2847
3512
2236 2301
1295
916
1005 3361
1379
866
202
1321
886
919
2219
894 1139 2356 4265
1154
616 2599
866
916
3937
4574
998
2503
892
1773 2460
996
462 1120 2017 2377 4575
2687
108 118 216 262 363 365 461 479 480 548 549 550 571 617 709 716 745 766 813 829 892 1061 1141 1162 1167 1173 1212 1213 1247 1278 1295 1349 1380 1391 1412 1484 1567 1603 1612 1631 1754 1764 1782 1785 1786 1802 1851 1864 1878 1979 2024 2141 2159 2193 2218 2219 2232 2268 2408 2423 2472 2633 2813 2923 2949 3151 3167 3281 3412 3442 3458 3465 3505 3530 3599 3601 3619 3640 3654 3686 3715 3723 3732 3808 3969 4188 4207 4285 4301 4434 4540 4673 4674
726 2865
2971 3112
261 1430 1465 4154
2069
1937 3037
2618
462
1508
2024
1483
571
493
2076
1483
844 3416
1747 3781 4265
482
1718
981
185 2936
1640 1816
1009 1010
2925
632
3084
1330
829 1546 4296
2775
2779
1576
965
4500
886 911 1435
2981
1339
442 1510
701
515
2186
1138 1859 1892 2299 2559 3456 3718 4206 4570
1363
297 1064
2928
866 1068 2099
1576
907 1036 2242
1484
1934
500
888
1071 1538 2408
1538
1295
663 1431 4397
916
2598 3687
672 898 977 1514 1981 1996 2449 2699 2892 2940 3282 3521 3582 3583
72 630 641 679 690 836 1857 2737 2978 3166 4281 4413
941
1047
838
984 1915
495
1687
1159
2137
484 491 493 494 866
866 867
95
1386
1096 1645 1723 2884 3505 3686
989
2024
4284
996 1295 3640
508
493
549
3109
2000
515
3453
435
148 898 1559 1738 1928 2068 2532 2617 2937 3090
437 3177
1892
3930
482 917
2686
811
1695
3381
1076 4440
1461 2234 2259 2665 2725 2739 2770 2774 2777 2778 2912 3542 4093 4469 4528
679 4415
1075 2378
948
999
726
679 4415
2840
505 507
1431
2407
1993 2743 2787 2797 3215
5 1423 1748 2827
1886 4112
882
2405
666 724
1482
724 1075 1508 3140
2052
2337
1465
1295 3142
3471 4218
1749
3518
493 866
1148 1267 2045 2921 4125 4505
571
639
348 1385 1450 1585 2006 2054 2120 2417 2418 2434 2526 4448
185 2936
1218 3042
482
515
2405
1816
904 1712
2128
1220
2262
2103
4112
170 300 3231 4019 4197 4446
273
814
1858
886
493
406 1423 2759 2760 2946 2947 3471 4412
446
2707
822 3390
923 1759
923
442 1510
498
4285
453
1989
4197
1216 1955
469 785 990 1304 1363 1515
462
1480
706
3793
549
894
3106
1482
1149
23 28 37 69 2129 3419 3434 3677 3751 3788 3999
2707
442
2128
432
401 738 1383 2783 3068 3162 4022
507
1961
1349
3112
3614
1845
72 679 1158 1897
1189 2274
109 202 900 1853 2966 4052 4122 4590
502 923 999 2337
1594
1934
639
515
1816
1295
1457
1480
3514
1614
515
1559
800 829 2627 3048 3155
2757 2758
634 1576
508
430
1576
791 2802 3444
1576
2716
1615
3815
829
505 507
2943
630
2241
483 865
285 970 1483
171
4397
324 2142 3655 4431 4675
2528
4672
505 2757 2758
623 718 1886
1962 2137
2193
571
1816
2338 4497
4679
1576
1461
797 2337 3110 3186 3205
1300 2460
210 1538
1710
436 447 448 449 663 993 1245 1260 1371 1448 1495 1654 1743 1752 1803 1804 2546 2649 2755 3055 3965 4112
3139
225
1576
1021
3037
866
1076 4440
3423
630 632
502 999 2337
262 2024
571 1755
1718
1735
3164
498
2423
515 2341
2481
1355 2718
630
882
884
2345
2351
726
999
2546
2957
2966
2889
1473
916 2374
829
437 999 1310 3177 4373
702
459 1381 2756
630
493
2598
328 634 725 732 937 1001 1290 1497 1500 1509 1754 2058 2146 2170 2210 2222 2427 2471 2631 2807 3148 3294 3768 3955 4036 4072
2870
2957
1465
200
894
634
809
3536
1295
1295
435 436 852 3003
3978
484
829 883
1364
217 467 518 963 1066 1132 1405 1433 2013 2541 2700 3140 3688
1962
1415
702
1631
2669 4569
795 1331 1406 1816 1888 1928 2859 3018 3142
4310 4311
951
1882
3679
562 563 2736 2928
1386
2057 3381 4500
3607
866
1111 1632 2750
634 792 1619 1933 2210 2442 2971 3076 3148 4016
723
3727
3262
1096 1345
3942
886 911
1652
436 634 4016
466 2928 4397
2734
1060 2035 2037 2847 3041 3387 3585 3698 4678
1363
1006 1959
679 973 4415
1197
77 613 829 4666
630
3112
81 505 507 768 1721 2734 2802 2826 2896 3545 3967 4314 4619 4674
1754
59 2911
1641 3722
99 982
3120
1346
465 1715
1576
630
1478
3529
76 328 1313
965
904
663 4397
462
505 507
1416
1188
2118 2835
1478 3006
549
501
1348
894
444 4265
2810 4292
787 3011
866
875 1330
759
430
2236 2301
3112
678
436
476
1093 1333 2118 4577
1718
1576
1396 3539
821
508
1188 3733
1570
1640 1816
1465
2188 2828
1076 3503
1296
1454
452 1649
886
2757 2758 4314
461 1295 1629 1852 4281
4552
787 1717 1718
948
982
1535
2093
430
2236 3191
565 2950 3130 3920
884
2813
462 690 928 3427 3576
507
100
2189 3236
515
829
515
1852
293 2341
482
436
3026
3361
866
759
1275
1396
1971
1047
896 2626
2244
1480
2780
709
913 1292
717
2528 4307
515
446
1137
2072 2247
1816
1096 1345 1876 1877 2271 2272 2273 3578
1326 1652 1852
634 910 1248 1411
2509
549
1346
3112
4049
829
1363
1157 2975
1301 1989 2298
1961
4581
1640 1816
4197
3164
442
679 4415
1016 1543 2413
3988
3236
1367
2406
948
139 805 1459 1508 1558 2102 2310 2624 2745 2962 3177 3514 3538 3693
3369
1248
1175 3196
1137
1435
1431
1044 1591
663
1216 1955
1367
3300
917
3535
1137
2378
676
795 1816 3018
1054 3140
544 822
1746
1076 3758 4440
1684 2124 3923
3524
4432
2076
3112 3237
1816
1295
695
2300 2301 2302 2432
3100
888 1582
2243
482
630
1816
1660
3756
2935 4044
1576
1961
1800
466
3100 4016
3361
462 2891
515
523 894
1454
866
2949
1962
297
1315 1347 1465 1961
1068 2099
4501
792 851 910 1248 3324
2236 2290 2301 3088 3191 3209 3264 3287
508 679 1547
917 970 1115 3074
1718
2734
3381
692 862 2804 2805 2806 3226 3661 4177 4252 4381
1800
1461
1473 2734 3506
508
866
77 602 613 715 829 860 1112 1125 1329 1431 1571 1750 2282 2942 2985 3148 3750 4288 4395 4524 4666
3112
1816
436
2802
2957
785 890 1363
501
1066 1127 1128 1131 2075 2700
855
1167 2949
430
3074
916 2374
800
2807
3498
1096 1345
515
602
372 1195 3263
814 1377
936 3361
837
493
3187
2847
987 3446
1811
3023
1752
1149
490
11 837 1512 1989 2990 3125 3399 4219
442 4265
436
2000 2001
2407
4488
1961
3491
1295
1135
1860
1342
999
999
1934
1092
630
549 3527
1363
3112
866
493
2458 2490 2860
2618
1309
2528
3988
238 308 420 425 558 709 1217 1486 1631 2868 3078 3654 3720 4501
1224
1133
709 1631
886
3263
855
1270
2262
1961 2137
462 1355
1576
1480
1363
126 664 1421 2116
2434 2966
2589 2977
850 1330 3206
3361
829
1735
1064
1363
3060
1043
2587
1347
992 2734
1431
2312
442 444
3730
81 493 496 825 866 867 2128 2298 2807 4030 4637
901 902 1297 1644 2184
2128
3091
2590 2700
1295
2675
2700
484 488 493 866
886
1006
1735
505 507
630 4414
611 1116 4673
1699
211 726 1961 1962 2137
2244
1076
200 408 445 446 452 513 757 781 806 879 922 962 987 991 995 1121 1174 1210 1279 1301 1353 1419 1454 1483 1500 1512 1520 1530 1593 1609 1649 1675 1698 1731 1736 1799 1862 1886 1931 1939 1962 2143 2204 2205 2220 2224 2248 2262 2313 2425 2667 2668 2692 2728 2730 2853 2894 2958 2968 2969 3125 3187 3299 3394 3405 3438 3461 3476 3487 3525 3668 3719 3783 3790 4037 4051 4116 4172 4302 4319 4418 4421 4477 4502 4548 4670
205 834 1416 1685
1787
3479 3716
309 898 1621 2712 3061 3062 3063 3153 4048
463 1634
1576
894
3509 3535 3978
1096 1345
2071
484 493 866
1366
2930 3807
3416
3525
872
3453
11 658 1395
1049
516 1025 1528
1137
866
195
2734
1276 1277
3112
772
3776
3112
1277
324
3164
2085
894
1771
2734
2694
3014
2565
3148 4524
1296
1787
4591
1853
2024
3131
3112
1461
4523
625 626 627 1402 1467 4395 4629
1391 1891 3446 3811 4668
232 766 1247 1336 2057 3165 3281 3969 4500
1746
2928
1729
1169
866
4110 4116
4590
1776
1363
1295
3507
508
515
641 815 836 2745 3166 3538 4079
1388
676
1454 2462
436 535 2304
3177 3755 4122 4260
2227
1556 1588
4000
2686
1106
1787
2103
549
1169
482
2301
1224
2095
866
4037
611
71 107 216 311 336 433 434 1027 1030 1077 1181 1250 1502 1520 1537 1667 1962 1986 1994 2227 2287 2313 2389 2533 2534 2653 2672 2740 2794 2817 2827 3031 3048 3187 3448 3482 3485 3502 3522 3600 3674 3743 3800 4054 4069 4212 4220 4368 4388 4436 4488 4542 4556 4680
297
1295
866
510 4279
1890
1453 4218
237 502 514 515 597 1740 3393 4513
413 2845 3557 4172 4543
639
836 1621 1919 3166
2413
237 514 1740 1760 3393 4437 4513
515
2922 2985
2160
1363
515
1776
1096 1345
2781
1631 4424
975
1386
679 1065 1763 1787 1807 2978
1718 4545
2915
1295
813
942
498
2854
515
3413
105 500 677 775 1790 3492 3802
1363
3437
4423
482
1934
1961 1962 2137
1363
1816
2337
76 636 1613 2530 2829 2889
446 1263 1915
1576
72 679 1373 4004
1032 1152 1482 3681 3694 3796 3799
984 2700
2270 2436
498 628 1259 4600 4657
420 421 422 423 424 427 1136 1325 1429 1794 1809 2647 2829 2888 2893 2945 2982 3446 3486 3511 4317 4427 4429
2301
1346
639
207 461 1173 1611 1631 2024 2193 4424 4434
1192
894
1270
2425
884
3091
115
1961
515
59
1704
866
2780 3076
2375
3369
640
1210
249
190 482 515 525 643 961 976 1181 1345 1396 1997 3091 3151 4082 4265 4368 4440
2509
707 1036 1037
1718
2501 3139
614 1027
442 4265
942 1006 3698
1735
1295
1098 3935
1311
872
1718
4589
1896
659
2701
1816 2176
212 571 685 832 1005 1041 1154 1300 1442 1567 1755 1865 2051 2056 2137 2262 2646 2834 2945 3112 3190 3274 3453 3738 4340 4682
2253
916
3015
508
3942
2707
866
866 1559 2111 2738 3633 4300
882
2700
544 3779
840 898
260 299 454 1074 2204 2437 2948
1261 1295
2659
515 571 2132
1870
306 892 996 997 1865 2193 2268 3442 3535 3540 3715 3720 3808 3941 4297 4673
1474
1295
2779
1509
501
2528
965 1068 1069 1147 1866 3263 3349 4124 4447
571
2928
1779 2139 2551 3029 3275 3276 3278 4130 4657
1047 1138 1990 2299 2760 3946 4206 4320 4412
2341
2453
2389
462 2995
797
187 633 828 2106 2991
3381
1301
2244
866
1124 1246 2851 3187 3586 3992 4372
639
2095
2360
1005 3037
3191
795 1816 3018
1339
3640
2937
1741 2050 2102
372 700 965 966 1501 1521 1903 1990 2056 2245 2411 3212 3732 3949 4411 4447
883
507
709
1446
1461
2063
866
2507
1149
2095
894
894 2117
1962 2137
1482 3457
1312
723
2707
2413
2707
2341
1073 1898
261 344 435 442 658 799 908 1139 1166 1206 1218 1308 1309 1321 1411 1430 1457 1465 1487 1503 1510 1520 1525 1698 1731 1938 1962 1986 2072 2142 2224 2264 2305 2313 2366 2391 2438 2603 2670 2692 2799 2839 2886 3042 3094 3156 3219 3290 3380 3523 3543 3642 3733 3828 4008 4222 4547 4555 4558 4559
873 1632 2730
1156
1386
634 688 1318 3094 3379 4016 4173 4410
958 1286
1809 2829
1931
1431
1123 1149
4549
640
493
2146
4373
1295
3048
4216
1649
1576
948
602 611
3984
1159 2734
2056
3676
1816
1480
432
872
709
471 795 813 1294 1295 1331 1816 2474 2532 2536 3017 3018
476
324 723 1766 2834 2974 3529
2098
1473 1521 3212 3263
2366
639
886
1934
878
1607
999
3906 4440
894
519 863
2425 3124 3187
2262
1395
3602
3048
549
1363
515
1137
505 507 1582
1454
110
1735
1167
2437 4584
1839 4451
3206
430
457 712 1096 1218 1345 1372 1500
1943
512 3520
1177 2818
1712
829
1735
462 2995
839
466 1130 2822 3954
3187
866
1509 4304
1576
1096 1345
436 920
1886 2882
1595
1802 2910
663
870 932 1182 1753 3405
787 2936 3231 3491
3535
432 1822 3569
2686
508
1839 4451
829
3110 3186 3205 3958 4154
4577
1474
814 1538
2840
1816
365 2218 2219 3686
597 4397
2050
341 663
884
1766
717 1713
1363
1140 2984 3746
4067
515
866
515
358 360 3074
515
1004 1112 2210 2976 3483 3653 4395
1318 2425
917 3091
1169
1276 1277
1873
1900 3139 3164
498
866 1013 1620 1987
462
3014
3399
2683 3087
4152
849 1081 3010 4416
2802
863 970 1335 1835 2042 2109 2649 3083 3727 3805 3965 4112
2780
1746
2618
1367
1483
430
1363
466
2406
3206 3787
663 1571
195 598
1746
2128
2477
2758
3174
2341
775 866
3481
1405
1870
3815
2378
1300
2827
4310 4311
477 1716
1295
507
1224
482 1890 2322 2884
213 699 876 1058 1341 1576 1997 2348 2810 2931 3108 3563 4253 4294 4562 4565
466
1816
1990
1787 2978
1754
913
482
1576
787
453
1347 3460
2121
3446
1766 3395
1447
457 966 1124 1345 1473 1848 2270 2750 2845 3558 3732 4062 4372 4553
970
2760 3456 3757
1368
3013
1839 4451
1110
2860
1440
442
2444
515
2313
2675
2337
3043
4523
435 505
1329
1140 3746
3074
1961 1962
225 3588
491 2274 2968
1962
3988
1363
1576
3656
892
1435
548 549 639 716 761 1278 1296 1504 1526 1752 1832 2094 2299 2472 3095 3605 3606 4207
999
1856 4281
2160
894
780
3810
493
190
726 2865
3177
59
1169
1137
501
1816
4069
3006
215 564 664 773 1357 1718 2094 4285 4603
2936
634
813
297 3579
1814
364 875
2103
886
466 2322 2936
1855 2930 3807 4281 4676
1754
1754
725 1563
1494
533 1619 1754 1933 2146 2197 2210 2442 3148
4523
886 911 1226 1256 1435 3308
2236 2300 2301 3110 3186 3205
1256 1771 3308 4543
457 1096 1222 1345 4548
4417
894
1270 2936 4340
1838
632
1776
2103
1521
480 709 1878 2024 4673
1365 1367 3004
71 129 183 739 785 795 1300 1436 1492 1928 2058 2293 2385 2507 2617 3107 3222 3333 3361
1421
1934
100
493
1664 1754
1431
1395
1535
1277
2303
2654 3198
894
196 305 1454 2388 2545 2936 3031 3488 3565 4318
2034
241 481 583 898 981 1264 1463 2539 2908 3034 3148 3272 4573
457 949 1345
521 1157
457 712 828 1096 1345 1372 1501 2991 4548
190 719 1022 1036 1270 1392 1428 1452 1494 1713 1816 2242 2887 3440 3655 3721 3974 4279 4545
634
630
679 4415
3139
1013 1014
886
832 2715
2957
1056 1057
308 469 505 510 698 787 970 978 1063 1097 1114 1147 1164 1473 1538 1667 1718 1747 1790 1817 1938 1985 2050 2180 2372 2481 2596 2630 2703 2841 3041 3628 3764 3792 3892 4218 4265 4583 4588 4622 4672
2823
521
1346
1096 1345
3155
1482
1472
787 1036
1286
1014 2042
988
1363
907
4497
203
1149
1295
430
1838
432
2425
482
341 1482
515
1787
2978
484 488 489 607
2654
1900 3139 3164
2802
1463 3034
3726
237 514 515 1740 1760 3393 3456 4513
2241
1333
2218
2219
634 4016
875 4649
365 3165
3442 3535
2437
484 493 775 866
2146
446
3464
1098
4591
432
2103
493 866
515
468 469
1296 3535
916 1746 2253 2555 4501 4522
462 3817
4016
21 2246 2578 3542 3711 4488
442 2142 3077 4265
3112
2103
3392
4523
2341
1962
697
1886
1014
2543
301 2030 2031
886
894 1234 1235 1236 2413 2528 2700
2924
1363
2802
443 515 726 2134 3993
2675
989
1704
630
101 151 472 784 1117 1494 2102 2370 2404 2962 3178 3518 4001 4578
1961 2137
1802
1049 3669 4554
1129
2844 3759
1961
2813
2192
3776
2807
914 4523
1482
2097
1769 1964 2179 3110
3761
1655
3119
2945
948 961
1064
297 814 4546
1588
1834
437 844 975 1507 2023 2882 3416
1120 1186 1634 2215
2793
585 1008 4063
1802
1342 1664 3123
2337
515
1071 2408
1137
2137
3381
2551
2707
1223 4067
754 948 961 1418 2808 4645
2760
2589
276 625 1067 1347 1531 1961 3220 4647
4157
1171 1306 3072
2200 2734
501
759 1149 1150
709 1611
2957
1961
515 2815
622 866 867 1553
1234 1235 1236 2945
2322 2631 2895 3597
2248
3361
948 961 4645
1576
2568
1838
1137
442 1510
1586
2239
639 1351 2094 3070 4620
1130
1344 4428
310 1173 3167
2600
831 4560
1831
2301
1576
515
785
1934
1872 1873 2281 2559 3301 4079 4206
1816
2993 4265
866
429
999
2780
1295
795 1816 2507 3018
521 1157
919 1790
1675
1961
4016
1718
1634 1668 2297
1328
1098
811
1349
934 1403 1828 4321
1167
476
430
4583
2241
507 2757
1862
2757 2758
478 779 829
2095
888
630
2870
1295
3803
1140 1853 3746
2074
571
2928
3112
2588
886
1295
2063
1461 2701
493
611 1116
1130
4426
852
237 514 515 1506 1740 1760 3290 3393 3428 4513 4580
2683 3087
1480
2608
3015
436
4157
549
171 1588 3008 4293
1042 4278
462
618 898 1369
1363
515
1090 1091
466 517 1295 1333 1364 1375 1683 2108 2897 3390 4577
2481
432
365
1053 3580
1576
515
1483
1458
2780
462 2995
965
1559
189 900 1591 2629 4122 4260
432
1816
872
730
435
3405
866
2528
2128
1431
436
1718
128 172 1014
483
1989
1720 4536
880 3112
2911
1308
759
2702
866
884 992
1088
298
2300 2301
3112
3508
285 917 970 1219 3074 3091 3878
505 3994
1834
484
441 535 625 1059 1242 1287 1508 1617 1645 1872 1873 2017 2077 2225 2333 2732 2911 3318 3761 3906 4372
2227
679 4415
916
114 144 428 887 930 1456 1521 1700 1739 2033 2061 2424 3347 4146 4454
1576
516 1025
3026
6 478 554 559 583 613 776 777 778 779 807 841 843 898 918 977 1108 1191 1202 1203 1204 1205 1251 1369 1546 1777 1876 1877 1886 2103 2200 2311 2717 2816 2819 2838 2939 3048 3155 3267 3429 3430 3431 3449 3450 3451 3468 3567 4048 4125
1900 3139 3164
1594
2802
2236 2301
1329
2844 3759
483
1159 2836 4226
1330
1853
1423 1748
1334 2735
1747 3781 4265
1979
4672
1454 4116
4435
2686
1934
3453
493
617
2099
982
3112
720
1339 1540
482
515
213
3803
458 2526
1816
984
4369
630
774
2734
1295
1140 3746
726
1137 1634 3417
1023 1024 3695
3635
2674 2715
728
515
1576
477 798
642
4453
2928
25 1013 1982 2222 2943 3179 3351 3689 4038 4243 4465
3023
2121
514 515 1813 4185
866
85 328 373 634 688 796 886 936 1300 1500 1509 1562 1720 1836 2170 2183 2261 2460 2635 2708 2798 2807 3319 3379 3551 3626 3627 3706 3926 4016 4173 4592
2097 2847
508
829
2998
1961 1962
583 842 1463 1619 2210 3076 3148
639
693
324
432
916
26 206 615 672 769 779 841 898 1107 1108 1109 1251 1514 2043 2091 2103 2250 2833 2838 3463 3667 4282 4283 4296 4420
2341
2882
305 497
866
1934
1535
452 1649 1867 1886 3087
1190
2341
866
3607
2945
787
719
1500 2227
886
630
2290 3209 3264 3287
198 302 1446
1312
462
505 506
298
1333
904 1712
716 1351 3070 3095
659 2996
2734
866
2210
3164
16 56 147 208 209 324 506 624 667 680 723 801 860 878 894 1070 1261 1282 1332 1354 1363 1376 1462 1465 1677 2090 2112 2228 2237 2265 2364 2403 2750 2898 3422 3426 3744 4116 4196 4210 4222 4226 4262 4264 4281 4323 4550 4556 4564 4571 4579
1286
2142 2427
10 861
217
2707
908 3516
1496
3048
892 996 1710 3505
1184
1576
612 1357 2194
1431
1816
2949
507
2971
1295
1186
300 547 3285 3983 4197
1873
466 1539 1931 2928 3515
866
1112 3009
306 3978
1710
1747 3781 4265
1886
197 1052 2809 2810 3739 3740 3753 3936 4046 4265 4292
866
436
872
106 273 535 1076 1242 1298 1315 1381 1388 1469 1480 1577 1645 1705 1724 2073 2180 2225 2260 2275 2479 2544 2545 2702 2716 2731 2752 2754 2773 2782 2784 2801 2911 2983 3012 3038 3153 3318 3411 3477 3503 3628 3727 3756 3906 4034 4090 4440 4572 4576 4648 4654
1461
511
1805
59
1321
2528 2611
866 867 1918 2406
666 724 1131 2700
2705 3997 4525
1043 4438
657
2600
2405 2406 3401
462 1137 4221
866
571
1928 3361
3256 3350 3604 4526
1482
1428
2214 2952 2974 2980
1986 4556
3998
1478 3616
1624 2546 3189 3965 4112
105 2237
3206 3787
2187 4157
2194 4188
1348
463 1634
195
505 507
1391
1986
1297 1644
1480
129 417 661 1928 2494 3060 3149
1052 2810 4265
2128
515
4499
2407
4488
3114
658
2407
501
2846
341 728
483
1135
4174
501 1224
3793
2503
866
1483 2227 2287
188 2949
515
654 785 897 941 1035 1042 1046 1048 1078 1092 1165 1171 1300 1383 1603 1636 1765 1779 1783 1787 1946 1949 2102 2207 2370 2376 2453 2478 2507 2557 2608 2617 2618 2655 2697 2802 2807 2859 3072 3086 3132 3178 3403 3518 3757 4109 4148 4419 4551
118 610 976 2095
2188
987 4433
453 839 2137 2686 2729 3042
2850
850 1330 3206
2253
1816
1034
754
866 867
3514
2597
916
1631 2519
3906
453 542 1662
213 4544 4568
866
2686
1296 1504 1526
1839
688
2757 2758
866
1330
2192
677
1194
2869
508
1137
866
151 1042 1117 1315 1990 2167 2745 2784 3730
3130
866
159 248 367 438 658 832 976 1096 1487 1674 1716 1761 2090 2700 2706 2795 2933 3053 4109 4287 4422 4486 4536 4674
436
898 1040 2610 4315
293 1224
1492
709
537 632 2351 2526
1184 2834
941 942
699 1096 1345
490 914
1076 4440
780
71 129 785 1541 1772 1928 2058 2385 2507 2617 2634 2807 3060 3197 3222 3333 3361 4623
1509
24 431 447 448 449 524 570 644 646 687 776 777 778 843 894 967 993 1062 1208 1221 1245 1260 1302 1303 1371 1448 1495 1628 1654 1735 1784 1803 1804 1876 1877 1954 2130 2131 2240 2614 2736 3055 3385 4015
483 1516 1572 1865 3070 3715 3732 4395
328 658
466 1270 4678
328 634 674 688 1313 2755 4016
3164
866
634
74 4043
564 773 1905 1906
842 2038 2099
2870
115
3024
2192
4568
2299 2363
2481
72 679 1111 1355 1807 2978 4281
599
1482
356
701
495 500 1890 4313
3442
99 467 814 982 1508 3403
2597
1363
2977
2366
4043
430
1839
1096 1345
886
2094
1752
472 1470 2178 2700 3140 4582
3437
3988
1606 2793
894
3442
4334
830
1816
1112 1154 3148
1330 3504
3389
183 199 204 476 618 761 813 869 898 1295 1300 1383 1559 1846 1852 1964 2560 3082 3090 3336 4506
2341
1058
1576
829
75
2827
2932 4171
269 483 712 726 1096 1145 1173 1300 1345 1396 1559 2195 2237 2251 2955 3028 3139 4130
1523
482 3112
3112
1961 2137
520 1768
296
1043 1318 4438
1312 2150 3294 4514 4629
1330
1480
1934
1295
365 664 3165 3686
4221
630
3442 3494 3509 4312
515
1044 2013
277 663 1754 2146 2415 2574
3023 3655
1092
1015 1047 1414 2299 2760 3946
1718
1619 1754 1963 3148 4112
1961
1145 1396 3537
1973
4157
866
996
821
1076 1119 1196 1295 1342 1634 1664 3417 3758 3906 4440
4001
2337
608 609 1152 1798 2326
634 688 4016
634 4016
634
1306 2352 2353 3072
1890
1890
884
3531
1481 3388
3048
726
1096 1345
886
946
484
1744
946
2172
4174
4174
3408
1427 1918 2301 2302
515
515
2739
1888 2860 3971
3531
946
1816
1995
702
1853
2943
1718
1718
1718
1718
709
3763
3110
3388
3939
257
1020
850 1330
2802
673 910 3236
833 1142 1143 2812
3361
1688
793 934 1403
3388
1744
151
564 2174
3416 3938
3416
1295
1295
1295
1295
2900 2901 2902 2903 2904 2905 2906 2907
1160 1161
726
1211
1735
804
673 910 1938 3335
861
866 1639
2517 4265
1478
2033
788 3165
996
957 1571
1488
1816
1660
237 514 515 1317 1740 1760 3393 4513
1816
1408
4329
489
1827 3094
569
1886
1521
1521
1521
1521
576
3211
2106 3851
4045
561 565
2210
1305
519
32 406 2704 3080
1096 1345
484
3464
3995
4615
1915
3471
3025 4083
2552
1559 2573 2738 3222
1248
597
2884
20 406 1423 2704 2761 2947
1300
228 280 1773 1967 2591
2807 3237 4013
2807
2807
484
1462 4088
1655
1001 2146 4397
2176
128
1081
1976
2959 2960
666
1210
1038
4095
2189
1363
2599
2061
2235
602 2146 2529 4397
102 1306 3072
3610
3610
2598
795 1363 1816 3320 4662
3211
462
462
462
946
2374
2374
2374
466
515
1639
466
946
4248
1886 2460
101
484
484
3474
2802
2802
101
4043
996
1396
3690
2802
3763
484 1431 1696 1789 2281 2808 4373 4596
792
3944 3945
2457
866
866
866
866
1261 1660
1752 2033
1312
3361
2301
144 145 428 887 930 1456 1739 2061 2424 4454
1576
3076
989
2739
2050
3510
3510
3510
1815
634 1560 3146 4016
2277
1754
1675 1886
1675 1704 1886
746 1427 1675 1791 1886 2055 3043 3117
277 328 634 688 3294
4232
1754 2146 4636
955 1918 2291 2524
1675 1886 2055
901
2566
1791 2055 3043
2147
1752 2626
851 1248
1791
96 234 386 2147 4402
1427 1918 3128
957 1297 1644
1427 3117
3226
870 932 958 1406 1578 1590
4091 4225 4256
2176
1675
905 2110 3421 4527
2657
1944
2425
86 286 379 932 958 1276 1578 1590 1728 1826 2089 2145 2148 2449 2572 2625 3036 3059 3158 3181 3240 3247 3270 4493
2078 2079
1427 2055
1306 3072
1718
4385
870 932 1406
471 704 1196 1664
732 926
1718
1642 2234
573 915
2078
468 1269
827 3368
3264 3287
1923
1951
3239
1960
1890
905
232
471 1574 2173 2176
3265
905
1305
1827
955 1917 1923
2390
630 632
630 3664
955 1427
1427 1791 2055
2147
1312 3326
725 787 1718
1791 2055
484
2120 2417 4165
905 2147
955 1701 1918
2806
1140
989 2003
2943 3348 4384
2390 3239
1032 1152 1439 2694 3696
286 3036 3240 3247
1427 1718
3958
328 634 2154
2081 3040
77
1103
634
1249 1275
2634 3197 4623
870 932 955 958 1427 1578 1590 1691 1701 1702 1918 1923 2123 2145 2147 2153 2524
3043
955 958 1916 1923 2123 2145
538
235 236 2685 4344
2009
1476 2572 3181
1423 2475 2476
1305 1306 1895 3072
955
2210 3148
970
2308 2780
1306 3072
2539 3113
2300 2301 2302 2432
2281
1788 2047
1944
348 4448
1541 3114
1319
788
112
1306 3072
1498
1276 1277
1999
870
2465 2523
1778 2300 2301 2302 2432
99 982
4523
255 1486 1574 2173 2176 2284 2497 2498
725
2146
653 915 971
627 715
1254 3231 3285
2277
3972
1248 1309
712 1345
663 679 3195
1305 1306 3072
886 911
2184 3117 4227 4466
1297
2926 2949 2967 2973 2997 2998 2999
2277
1417 1475 2288
148 4083
2499 3985 4010 4064 4393
2210 3076 3148
3076
1625 3022
1900 3139 3163 3164
148
170 3231 4019 4446
2336
2154 3270 4128 4377 4533
1248
3060
1140
234
1961 2137
792
2279
552 1670 2047
2425
1581 3927
1900 3139 3163 3164 3265
955 1427 1578 1691 1701 1702 2153
862
2499 2504 3985 4010 4064 4393 4659
471 891 1486 2176 3064 3244
1312
851
1254
3164
1918 1923 4154
1465
955
687 1406
371 1653 2547
1818 2147 3117 4247 4630
4032
1465 1620 2137 2165 2292
3707 3775
1406
630 1703
1601
2617
756 1827
1960 2312 2659
1754 2146
448 547 552 3361
634 3747 4016
3076 3148
4391
1788 2047
1828
955 2055 4154
673
471 704 2058 3316
1987 2047 3405 4326
1001
893 961 1243 1418 1486
552 673
1228 1229
590
1258 3405
2301
1566 2350
970
1578 1590 2291
2190 4223
1386
547 552 755 3361
77 276 2261 4345 4385
3079
939
3040
1305
896 3595
2210
958 1578 1590 1826 1918 1923 2145 2147 2148 2149 2278 2291
1897
916 1447
2719
1227
547 755 2261
2573
982
34 378 1874 4660
471
3564
1072 2004 3906
3703
3239
88 2460
4236
955
1266
1269 2176
2184
870
1297 4154
2291
795 1331 1816
1958 4611
2027
2719
1305
2137
1791 2390
632
486
3350
1249
1031 1153 3089
2385 2386 2618
729 733 1481 1597 3400
1854
1331 3017 3773
2657
2279
1306
2184
2084
489
484
1450 4165
4227
180 1431
2147
1297 1427 2153
547 552 755 1625 3022
760 1249 1275 1386
417 4061
1828
3309 3594
923
1791 2055 3043
1305
729
2780
3110
2002
1243 1566
802
2528
1874
547 979
630
454
1874
3025 3703
3239
1269 1574 2176
328
1486 1574 2173
1945
725
3964 4138
77 2060 2096
471 704
1360
1619 3205
2261 3377 4664
525 630 741 742
1427 1791 2055 3043
634 4016
547
1486 1816 2532 2536
2159
1847
1460 2176
4112
547 2500 3259
2524
760
1890
1306 3072
955 1427 1918 1923 2145 2147 2153 2291
471 704
4151
2291
2600
1566 2350
3207
886 911
784 897
1427 1691 1918 2055
854 1269 1574 2173 2176 2190
3377
2170
2184
1450
2276
1658
1890
1248
148 4083 4532
862 1363
2524
1427 1826 1918 1923 2145 2148 2524 3181
4169
3415
955 958 1427 1578 1590 1791 1918 1923 2026 2055 2123 2147 2153 2277 2291 2524 3043 4247
141 154 174 2453 3075 3110 3186 3205 3958 4530
2450 4402
901 955 958 1297 1578 1590 1644 1826 1917 1918 1923 2145 2147 2148 2291
2811 2821
1684 4616
784 1791 2055 3043
720 721 1387 1426 1529 2542 2637
1305
1306 3072
1345
4154
2110 2679 3231 4019 4446
1475
3188 3645 3769
462
2600
1406
905 1679
1306 3072
1312
795 1816 1888 1928 2490 2532 2536
1526
630 3663
1827
2290 3342
634 635 2124 4016
1890
1791 2055 2149 2276 2277
1826 2145 2148
4236
2254
608 609 1140 1151 2830 3478
2002 2212
1944
870 932 955 958 1427 1578 1590 1691 1701 1818 1917 1918 1923 2123 2145 2147 2153 2291 2421 2524
1728 3181 3270 4493
3342 3362 4377 4482 4639
489
958 1427 1578 1590 1826 1918 1923 2145 2147 2148 2291
2149 2276 2277
2089
2308
1532
1625 3022 3030 3085 3096
630 3663
358
905
1333
90 261 358 970 1465 3163 3164
2300
3328 4330
634 4016
1829
2344
1423 2312 2489 2659
1228 1229 3021
453 870 932 958 1406 1578 1590 1826 2145 2148
1306
4482
1383 1603
358
1810 1827
2149 2276 2277
915
186
1322
2147
2308
1427 1918 2123 2149 2153 2276 2277
34 1874 4005
2053
1261
398
886
1254
663 2415
931
545
2344
2591
4385
1576 1791 3043
3231
1890
2121
1643
148 4083
4236
2236 4448
442 1139
1305 1306 3072
1306 3072
2341
3393
634
3629
955
1261
999
634 4016
2084 2127 3338
1810 1827
489
1524 1664 1725 1875 2511
2149 2276 2277
1312
1248 1533
1826 3043
630 702 3663
1306
1297 1306 1427 3072
2390 3239
1951
1788 2047
2078
891 990 1269 1304 1515 1574 2170 2176 2254
4236
1752
547
96 955 1918 1923
77
2475 2476
955 1427 2153
2029
2147 3181
1810 1827
255 670 961 1486 2497 2498
1615 2461
2190
1450 4165
2009
732 926
1427 1701 2153
1900
3239
3048
2009
129 148 417 770 1908 2058 2460 4083 4107
4385
2027
2566
1874
2008
2082
955
937
2210 3148
1918 1923
3923
3361
2210
141 1576 2210 3148
1718
725
4165
4346 4385
2210 3148
2210 3148
955
1847
406 1423
1999
131
1826 2145 2148
1810 1827
1916
2120
232
702
2008
838 1514 4635
223
754 990 1269 1515 1574 1732 2173 2176 3170 4537
1923 2427 2471
739 990 1269 1515 1541 2176 2190
951
1012 1663
3231
923 1357
489
484
639 820 1904
468 890 936 994 1363 2182 2315 3060 3233 4238 4617
4154
630 3663
1427
285
958
1684
1944
468 1574 2173 2176
1827
1322
939 1828
489
2537
1519 1561 1706 1727 1728 2448 3173 3251 3283 3353 4039 4105 4114 4359 4399 4493
1602
1541 1928 2058 2460
1247 3281 3969 4029
3025
1274
2566
1886
2953 2954
1680
2021 2022 2092 2144
1599 2002
2341
239
1827
2147
792
1754 2146
955 2055
1625 1626 3022 3030 3085 3096
492
2147
658
958 1578 1590 1826 2145 2148
484
1081
720
2147 4630
2027
1791 2055 3043
1791 2055 3043
901 902 957 1297 1644
1791
597
2145 3117
1826 2145 2148
720
901 902 957 1297 1644
634 1248
958 1427 2145
386 2626 3036 3158 3240 3247 3899 4402
597 792 1248
1590 3117 4113
1926 2418
1828
1248
1305
1754 2146
597 825
1140 1325
792
1791 2055 3043
634 1257 1313 2170 3379
2230
2230
634
1754 2146
2149 2276 2277
1693
318 1769 1770 2439
318 1769 1770 2439
4332
4332
1900
4041
677 726 1464 2189 2518 2556 3331
2011 2516
1590
2147
1012 1663 2352 2353 2831 2832
4252
3923 4143
2046
328 2603 3965 4112
910
669 673
725
2027
404 1313 2755 4162
901 902 1297 1644
2027
792
2022 2144
2149
237 515 1740 1760 4513
4165
2081 2149 2277
1754 2146
1427
2719
442 712 3116 4265
870 932
2572
630 3736
1541 2928 3231
2537
1140
4513
2027
2970
1005
1576
406 1423
88 2460
3335 4016
1313
2344
1462
2460 3921 4442
4522
484 618
866
484
1900 3164
401 2783 3162
1640 1816
484 866
12
3327
3327
484 866
1005 3433
129
484 866
493 866
493
493
484 866
484
457
484
2312
1942
484
484
3228
484
484
1248
634 3324
1355
1355
630
3335 4016
129
1928
484
2137
1890
3559
1363 3361
1363
2451 2755
499
1576
1816
4314
1262
515
3060
4291
95 4291
931
2607
634 3324
501
3374
909
2755
3752
503
1993 2797 3215
2686
2210 3335
3139
702
484
2734
4167
989
2137
1005
866
484
489
1462
507
866
1461
785
2210
634 3335 4016
3088
484
2687
406
183
2618
482
484
4016
2176
1890
3361
687
484
2864
1640 1816
4522
3809
484
1640 1816
3551
3551
4523
3484
2475 2476
515
3760
886
886
886
1559 2738
4289
886
1639
2607
886
1711
1711
501
432
886
3797
1746
1655
1248 2755 4016
1873
1816
1559
3551
4488
2789
2789
2789
1816
3381
1295
602 4397
2405
1774
1370
3361
1938
1890
1890
931
484
931
1113
1460 2176
1460
1961
1962 2137
2137
687
484
1995
2137
2137
3335 4016
1928 2618
2137
1934
2374
2507
1890
484
1938
630
2687
2386
1890
651
651
1816
129
2253
484
1465
2137
1465
1386
634 4016
183
129
630
4016
129
129
1248
3755
2355 3755
3755
3755
3551
1289 4166
3060
515
1938
237 514 515 1740 1760 3393 4513
3164
2951
2210
1816
4314
1938
507
2507
501
1667 4488
274
1873
1465
2600
1816
1295
1890
1774
3383
3076
651
1890
2460
651
129
493
651
129
2864
328 1933 2654 3198 3324 3335
1890
2654
484
615
4167
634 3324
634 3324
484 866
2687
2949
484 866
1890
1465
1005
484 866
999
3551
3551
1005
886
3060
1005
502
1005
484
2517
1559 2738
3145
3513
2687
2210
4225
501
505 507
3910
1370
1447
8
634 3335 4016
484
2864
493
2949
1559
228
129 1331 1640 1816 2507
1774
484
493
1576
484 866
183
484
1576
1890
1462
1640 1816
2617 3333 3361
1465
12 442
442
12 442
484
442
547 915 916 971 1447 1746 2374 2521 2864 4204
785
2864
2437
87 795 1816 2507 2536
3335 4016
1300
2192
12
1890
2949
897
1462
129
891 2344
884
280
280
1816
1640 1816
484
854
3232
1873
3656
2324
2210
2661
501
2687
3290 3916
2949
1816
2582
1890
1462
2176
702
4167
148 2607
1465
2949
2864
484
2949
1890
2344
634 3324
1005
1576
3335 4016
218 1873
218 1873
854
1640 1816
1559 2738
2631
2687
946 1397
2210
2210
1816
484 489
651
129
3148 3335
2475 2476
2618
2385 4534
884
1816
406
2949
884
884
884
1995
2475 2476 2613
129
866
3335 4016
884
999 4468
2864
2464
1559
3335 4016
1005
1873 1874 4538
1890
3900
228 1300
129
501 1961
2687
1447
946 1397
3103
2642
2642
2642
2642
2642
2642
2642
2642
1995
1005
1005
1005
489
1139
1576
1928
1995
148
2192
2385
1462
982
1890
2385 4534
4167
2176
4167
2385 4534
484 489
484 489
484
2661
2687
2687
1447
1248
2949
1574 2176
1576
1492
3433
99 982 1005
1215
1386
1576
922
785
1576
651
183
3765 3806
2210
2687
1157
1157
2137
3361
1157
2528
1938
129
982
2528
129
813
1938
886
2137
886
129
982
2528
2528
886
886
2176
630 631
1890
565
999
826
630 702
2176
2176
1363 2460
129
630
2088 2682
1500
1227 3060 4083 4338
1521
989
630
3890
2687
2687
697 1670
2911 4130
967 1302 1303 2712
4197
1461
1248 1318 1411 1465 2807 3017 3379 3551
484
1305
302
1890
1521
2159
2159
148
148
515
3018 3302
782 1501
484
3165
866
931
3165
564
1318 2827
2234 2259 2665 2725 2739 2770 2774 2777 2778 2912 4093 4469 4528
561 564 565 790
484 946
2528
1521
3017 3027
1553
1311
327
1553
796 1836 2183
1483
2700
1961 2137
2137
915 916
203
776 777 778 843
446
796 1836 2183
813
813
1746
2961
484
144 145 428 887 930 1456 1739 2061 2424 4454
3306
1423 2704
1962 2137
2464
1157
1157
1423 2704
406 1423 2704
497
1890
3685
1873
2687
561 1028 1029
1648
1248
32
1248
1248
1248
32
1277 1297 3547
1423 2704
2811 2821
2811 2821
3749
2464
1816 2464
3794 4308
4523
502
2586 4449
1531
1355 3397
1355
484
561 564
3048 3155
2608
194
2253
2579
1937
4517
1465
630
1934
749 1318 2863
1248
2301
183
183
1559
3361
3103
484
1704
4306
2757
1890
2757
515
3730
3730
3730
1640 1816
702
702
897
514 515 3393
876 1754 2146
1016
815
1576
1934
1890
2650
1461
2755
1655
502
4662
4662
440 1100 1101 1144
866
1795
1816
3467
886
2121 2927
9 39 1316
1465
629
4397
1816
886
2460
1816
631
502 1461 4263
457
484
2210
2414
457
1675 1886
1886
2176
484
2414
4539
2687
1838
484
484
1300
1304
2598
484
2176
1816
1312 3335
1816
1640 1816
1640 1816
2687
302
2176
1640 1816
1640 1816
1816
507
855
482 870
2636
148 4532
1618
4167
484
484
484
776 777 778 843
776 777 778 843
2679 3231 3657 4019 4058 4197 4446
1718
315 515 653 915 916 971 1447 1492 1746 2253 2374 2521 3393
1619 2579 3294 3335
135
3048
1262
3048
1640 1816
2341
1934
1795
634
1262
1262
1873
1045
1262
2687
2804 3661 4177 4183 4231
1347
712 1345
630
586
586
701
1874 4005
1559 2738
2058 2507
2058 2507
4197
1838
3760
1838
19
1157
2341
876 2341
886 911
1816
515
1286
2301
2757
886
471
151
489
1816
3361
3237
1317
1016
2985
1816
285
285
285 951 2147
285
1317
1816
1938
1214 1215
1265 1317
1816
1317
1938
493
493
861
1433
489
489
3490
515
1521
701
1262
428 930 1456 2424 4454
1600
634 4016
484
38 304
1675
4067
4067
4067
2811 2821
2929 2938 3048 3155
129
129
1176
2985
1576
4298 4449
129
129
129
663
484
484
484
3471
471 704 1363
507
795 1574 1816 2317 2496 3363 4238 4662
484
1890
1735
1553
1549 1550 1557
2104
833 1142 1143 2812
564
502
4045
2210
2507 3363
999 4656
634 3324
632
1790
787
2253
494
1816
1816
1816
1640 1816
1218
3076
1433
2312
1433
3971
2305
1718
4016 4273
4677
1934
3002 3400
202
634 3324
634 3324
515
508
634 3324
1746
446
1525 2170 2807 3551
561
1248
301 484 1415
1576
1566 2025 2084 2184 2350 3338 3467
4045
3789
2210
2210 3076 3148 3335
638 1849
2464 3372
4314
1576
1816
516 1025
1960
2687
2687
2687
2687
2687
1286
3035
484
515
1214 1215
1960
516 1025
2528
1286
516 1025
1553
1816
1816
3088
1816
1718
4016
1157
1157
1370
1816
640
144 145 428 887 930 1456 1739 2061 2424 4454
564
1218
3019 4536
58 237 514 515 1255 1740 1760 1886 2560 3393 3513 4513
2603 3094
1248
4167
536 2475 2476
1746
516 1025
404 1033 1227 1248 1313 1318 1450 1945 2009 3379
144 145 428 887 930 1456 1739 2061 2424 4454
1890
406 536 1423 1965 2211 2475 2476 2614 2704 2946 3801 4015
702
2244
508
561
508
508
999
1928
2607
1816
1816
1295
1295
1928
2473 3017 3027
484
702
1286
489
148
2807
505 507
489
3552
630
1295
4314
484
4173 4475
3361
2059 2507
3710
3630
3630
564
3469 3470
3691
3691
702
1752 3195 3303
507 4314
507 4314
507
702
2374
3361
1890
468
3361
3361
3361
3361
663
71
274
1838
1304
406 1423 2475 2476 2613 2614 4015
2210
489
489
2385
1718
489
489
970
507
1890
1640 1816
3234 4238 4406
1559 2738
1559 2738
1559 2738
1559 2738
1559 2738
1559 2059 2507 2738
1559 2738
2412
3781
1619 2210 3324
702
4314
1938
702
702
702
100
702
489
406 1423
2687
489
1559 2738 3222
886 911
1838
2679
1735
564
561
564
630 702
630
651
1415
1816
516 1025
630 702
561
516 1025
2475 2476
258
484
2916
1553
1746
2611
2611
2611
1928
1286
1667 4488
877
561 564 3729
632 702 703
2414 2986
4479
4451
3175 3541
2414
1960
285
440 1100 1101 1126 1144 1168 1797 3665 3666
253 1675 3237 4013
2253
2253
2253
2712
2712
516 1025
315 653 915 916 971 1447 1746 4522
507
835
1933 3198
3299
328 634 3094 3294
634 3324
634 4016
484
3663
1816
3754
1007
2599
787
3361
3361
3361
484
484
1559 2059 2507 2738
1295
2789 3390 4397
516 1025
516 1025
516 1025
90 278 358 360 1227 1587 1900 1944 1945 2009 3139 3164 3217 3249 3265
4523
4523
4523
4397
129
4620
630
2864
2341
1363
2341
813
931
3317
3002
3002
489
489
3048
3048
3048
3048
1454
1754
1816
1754
1754
866
916
916
916
502
1711
634
2687
2687
1559 1610 2738 3971
1559 2738
1559 1982 2738
1465
1465
1576
1576
3971
2618
3048
4523
3048
990 1515 1574 2176 4100
2618
2618
625 626 1750
625 626
625 626
2618
2957
627 1750
1961 1962
1961 1962
634 4016
2618
1300
2618
1890
2618
2618
1347
1746
916
916
1873
2600
2600
630
1248
3900
2600
2508
785 1363 2634 3197 3234 4083 4532 4623
1005 1466 3138
631
2176
468
1890
911
515
634 3324
634 3324
1704
2578
1890
468 471 936 1363 1515 2176 2307 2308 2460 2863
1363
1363
785
785
785
999 4656
88 1908 2306 2460 2607
1683
484
484
1619 3198
3361
148
148 1816
280
3361
2599
1559 2738
3007
493
1559 2058 2059 2507 2738
1796
1796
1796
2811 2821
3076
931
2802 3986 4059
2114 2663 2664
1886
515
1465
1277
1446
1248
1248
1248
3165
3361
3361
3361
795 1331 1816 2532
3361
3361
3361
1465
501
1452
1452
1452
1452
759
759
3546
1452
1559 2738
1559 2738
703
1150
2159
1553
1273
2210
1816
1816
1816
1816
1816
1286
1286
3060
1096
1816
1816
1816
1816
1816
1816
1816
1816
1816
1816
795 1816
489
1796
1796
1796
1576
1559 2738
1559 2738
1559 2738
1295
484
911
702
514 515
514 515
514 515
3795
1305
1009
3692
313 1559 2738 3222
1563
1890
237 514 515 4513
1300
1718 3934
1183 1998 2779 4197
3048
971
2985
3048
489
489
1933 3198 3324
1886
1492
1640 1816 2536
3091
1423 2475 2613
1735
1640 1816 2536
866
1231 1232 1233 1542 2762 2763 2764 2765 2766 2767 2875 2876 2877 2878 2879 2880 2881 3038 3570 3571 3572 3573 3577 3581 3584 3591 3592
4026
484
630 702
1500 2427 2471
71
1363
826
886
1838
1735
886
2600
2599
787
787
515
3781
457 1345
3060
4290
2159
702
630
2312
2137
776 777 778 843 1203 1204 1205
1735
104 809 810 3528
1640 1816
1640 1816
3335 4112
3064
672 1514
1752
3589 3943 3944 3945 4671
1173
1500
2312
1300
77 241 302 331 369 468 545 613 625 626 691 701 783 829 964 1104 1234 1235 1236 1347 1362 1402 1467 1559 1571 1676 1708 1750 1975 2140 2282 2331 2738 2752 2780 2785 2911 2956 3001 3148 3154 3335 3608 3660 3662 3750 4666
946 1397
1640 1816
12 442 1007 3745
155 156 157 181 2698 2720 2721
155 156 157 181 2698 2720 2721
4449
754
2600
666
1640 1816
3361
2600
3427
2600
1816
1640 1816
1935 1936 2452 3048 3155
2600
2312
1735
1501
484 866
3794
2121
2121
2121
2121
3165
1033
2811 2821
4370
1017 1018
1167
3574 3589 3943 3944 3945
1934
1934
2341
288 916 972 2253
4168
683 1751
701
3902
3730
1938
1873
1873
1938
630
630
664
630
1640 1816
701 702
2341
561
4026
911
911
564 1751
683 1751
564
620
1900 3139 3164
2460
515
2210
2301
2301
2301
507
3493
519
1640 1816
2965
1816
285
1796
1796
1796
1796
1796
2650
634 3324
664 3381
1295
565
493 1823
3184 4274
4084
826
837
515
144 145 428 887 930 1456 1739 2061 2424 4454
629
564
1415
1415
1415
507
507
2807
468 471 785 990 1269 1304 1363 1515 3361
2807
3260
241 343 3767 3884 4605 4632
2358
2807
911
932
999 1310 1388 3443 3550 4656
3361
468
3361
3361
2807
2807
1640 1816
3375
1718 2258 3612
2464 3372 3891
1112
2807
2344
2807
707
4305
1995
1125
2365
1461
1660
970
1576 2631
630 702
1324
1553
507 3457 3799
3496
564
1361 1438 1598
702
1890
4593
4593
95
4593
4593
2374
4593
1873
4593
129
129
564
3361
560
1576
634 3324
796 1836 2183
95
312
1619 2210 3324
653 1746
1040
1040
442
1125
837
564 565
564
564
564
561 752
630
515 951
515
1711
866
701
484
3361
3361
489
1596
630 631
1890
3640
4677
474
1471
470
2210
886
1099 2234 2259 2725 2739 2770 2774 2777 2778 2912 4093 4469 4528
3509
602 2146
1134
1816
886
886
702
1890
702
4397
442
1465
2192
1157
144 145 428 887 930 1456 1739 2061 2424 2900 2901 2902 2903 2904 2905 2906 2907 4454
1363 2507 3883 4532
482
630
2103
702
702
1248
471 1363
1640 1816
911 1435
911 1435
1005
2981
2981
2981
303
2807
701
2223
1746
712
712
1886
1873
653
99 982
1478
2811 2821
489
489
971
653 915 916 1447 2374
653
1497
971
702
489
2312
2312
2312
1295
2813
630 702 3663
1295
1890
3657
713
916
3694
627
565
1934
1934
784 1928 2161
1934
135 1651 1840 1841 1842 1843 1911 1912 1913 1914 2491 2492 2713 4131
1886
1227 1945 2009 3551
2176
2780
1928 3361
3361
1052 2810 3798
2810 3798
2810 3798
992
1640 1816
702
406
1890
1816
1816
1816
1816
1816
1816
1816
1816
1816
627
3497
2992
627
303
3636
484
565
2223
1576
958 1286 1578 1590
507 2757 4314
507
1460
3561 3937
2618
4167
886
193 932 996 3011
826
2210
2374
556 561 564
1363
1553
1553
1559 2058 2738
1559 2738
640 821
821
1640 1816
507
2658
923
203 634
1304 1732
1873
1873
1873
1873
1873
468
3045
3045
2560
1890
2560
4371
1576
1576
2341
634 3324
894
2634 2780 3092 3197 4623
630 702
2253
630
1619 3324
3249
1485
18 188 328 845 1167 1248 2210 2949 3294 3615
1167 3380
1175
1264
3307
3307
3307
1838
1752 4504
2679
4523
1718
2631
565
1033
3467
1795
632
507
484 2170
923
1112
1112
796 1836 2183
1286
2811 2821
2528
630 702
560
3484
3484
4042
630
4523
4523
442
916
1907
515
1723 1733 1977 1978 3975 3976 3977
561
1118 1596 2963
2917 2918
694 3072
2917 2918
1675 1886 1918 2917 2918
1286
4022
1215
4217
787
515
2807
894
631
701
701
702
1157
1157
1157
1157
1157
1157
1890
1816
2475 2476
3373
2475 2476
1816
1774
702
630 702
630 702
129
2985
3432
701
3377 4225
4336
114 776 777 778 843 1055 1163 1700 2033 3670 3671 3672 4146
144 145 428 776 777 778 833 843 887 930 1055 1142 1143 1203 1204 1205 1456 1739 2061 2424 2812 3061 3062 3063 4454
2494 2496 3237
1553
1553
1640 1816
285
493
4681
3233
1871 1873
2599
2871
4308
1300
1873
1300
1300
1300
1873
2560
2985
3750
3750
3750
3717
1157
627
627
627
627
627 1750
627
627
626 627 1676
627
627 1750
358
3361
507
1214 1215
4501
712
634
2437
2437
855
1007
1312 3335
1890
1500
489
489
370
29 1215
2687
2137
535
1838
3609
1440 3609
1838
313 484 1559 2738 3222
1157
1157
4677
2210
3003
1461
866
515 1415
1937
2917 2918
1816
1944 1945 2009
1938
261 1465
634 3324
129
4451
129
129
129
129
129
129
237 514 515 1740 3393 4513
1576
4269
1511
886
886
886
886
285
931
1032 3681 3694 3796 3799
3415
2147
2147
901 2147
2147
532 897 1248 1917
1818
1818
870 932 955 1406 1917
870 932 1406
248 3306
955 1918 3239
90 1900 3265 4593
1625 1754 2137 4593
955 958 1427 1590 1918 2123
4236
118 319 758 1281 1384 1499 2941 3137 3269 3556 3643 3987 4119 4205 4638
2332
1383
2011
2184
3043
2657
4162
937
3088
1357
235 1029 1706 1728 1981 3161 3173 3555 3639 3778 4038 4077 4243 4465 4466
584 1590 2429 3025 3110 4470 4610
391 955 1227 1916 1917 1918 1923 2055 2123 2291 2390 2421 2524 3117 3239
4113
813
466
237 514 515 770 864 1228 1229 1541 1559 1740 1760 2132 2339 2344 2507 2807 3271 3393 4513 4607
2006 2433 2434 4360
1227 2006 2434 2882
2110 4355 4599
2149 2276
658 1655
2149 2276 2277
328 630 3663 4639
931 959 3097 4518
673 792 1248
414 1681 2153 3231 4136 4233 4384
1254 4252
2626 4378 4604
34 1874
3407
891 931 2176
280 1773 1967 2591 3079
4265
658 3048 3155
1460
1890
2300 2301 2302 2432
1651 1909 1910 1914 2256 2492
1824
348 4448
348 4165 4448
932 1406
280 1773 1967 2591
468 661 705 891 990 1269 1304 1460 1515 1574 1695 1946 2173 2176 2318 3064 3333 3398
901 902 957 1297 1644
1248
468 785 890 891 1269 1299 1304 1363 1515 1695 1726 1732 2176 2190 3064
3005
1318
673 792 910
2053
3085 3256
547 2146 4121
2182 3060
661 1460 2615 2690 3931
2210 3148 3335
471 704 3316
1791 2055
955 1427 1701 1918 2147
1918
630 3736
2107 3071
1810 1827
1261
218 1874
2147
729
2462 3964
1578 1590 1826 2145
842 1433 1754 1819 1820 2146
2431 2447 2449 3110 3205 4523
1001
3155 3338
2334 2335
2291
1754 2146
2170
1718
955 1918 1923 2123
2210 3076 3148
870 932
1923 2153 4154
1427
173 4200
4007
957
501
1874 3560
1566 2025 2084 2184 2350 3338 3339
1830
663 905
239 240
2053
3384
1261 2537
14
1012 1306 1663 2352 2353
1828
2149
1151 2842 3478 4586
3122
88
2002 2012 2212 2422
0 759 1123 1149 1150 2213 2757 4211 4214
234 318 341 386 446 454 658 660 729 846 955 1453 1483 1684 1694 1754 1769 1815 1918 2009 2124 2146 2149 2184 2210 2276 2390 2416 3046 3261 3369 3726 3923 3924 4264 4402 4616 4633
4518
3148
939 1661 1808
932 955 1791 1917 2055 2123 2390
2319
634
2427 2471
4259
1331 3017
999 2305 4468 4656
489
901 902 957 1297 1644
891 1269 1304 1515 1574 1695 1726 1732 2173 2176
785 890 990 1304 1363 1515 1574 1695 1732 2173 2176 2190
870
870
4505
1754 2146
1696 4017 4639
634 1248 1886 3924 4016
901 902 1297 1644 2149
3240
673 4019
697 2234 2265 2518 3054 3219
572 1083 1084 1086 1187 1514 1957 2643 2911 4517
673 1344
660 4060
1427
2021 2022 2048 2092 2144 2149 2276
630 3736
1874 3560
571 2811 2821
438 728 2019 2443
437 844 4165
4140
3923
401 3162 3168
792 1248
792
955 1297 1427 1590 1826 1918 2123 2145 2147 2148 2153 2291
784
64 84 282 345 437 445 446 472 484 487 491 524 525 527 529 530 531 557 564 566 577 578 579 580 581 586 588 589 590 591 595 596 598 601 655 656 684 686 697 725 727 734 738 742 743 762 763 764 771 791 808 812 814 849 858 862 886 906 933 943 948 952 986 998 1198 1253 1274 1280 1284 1285 1289 1356 1389 1430 1433 1435 1449 1480 1489 1491 1539 1589 1622 1734 1757 1769 1776 1777 1778 1832 1863 1884 1899 1940 1956 1969 1985 1991 1992 2064 2065 2066 2067 2074 2157 2169 2171 2196 2222 2323 2346 2349 2384 2453 2456 2518 2571 2580 2581 2680 2711 2736 2742 2772 2779 2790 2792 2801 2811 2821 3075 3126 3134 3137 3150 3157 3176 3312 3321 3621 4057 4076 4103 4135 4473
665 668
447 4634
4162
604 2811 2821
725
725
725
1740
1576
1829
901 902 955 957 1297 1644 1791 1918 2055 2147
2149 2276 2277
2149 2276 2277
2149
1874 2920
870 901 902 1297 1644 1675 1791 1818 1886 1923 2147 2148 2291
1791 2055 3043
1427 1918 1923
1918 1923 2055 2147
1918 2055
2210 3148
2210
2210
2210
1590 1826 2145 2148
870 932
1826
1826
1427 2153 4457
2149 2276 2277
2126 2151 2334 2335
1754 2146
494 847 859 1254 1338 1383 1754 2038 2146 2210 2388 3148
1754 2146
1754 2146
1754 2146
2146
283
539 547 755 886 911 944 990 1574
1427 1918 2153
1427
1427 1791 1918 2055 2123 2524
234 386 3247
286 386 3036 3240 3247
3059
3025
3025
234 386 3247 4402
1961 2137 3036 3247
234 386 1839 3036 3247 4402
2145
1962 2107
958 1578 1590 4610
955 958 1675
1675 1886
712
3187
901 1297 1644
2033 2673
957
2149 2276 2277
90 870 1944
714
192
2011
1383
2107
990 1732
1001 1693 1754 2146 3328
958 1427 1691 1701 1918 2153 2291
1684 1754 2146 3923
955 2055 2149 2153 2300
2390
1828
923
1754 2146 2574
1874 3560
34 630
66 630 3435 3663
901 957 1644
505
712 3187
471
484 488 489 665 848 946 2226
2656
751 1981 2621
1632
932
4113
597
634 688 1248
3598
673
792 1248 1583
4032
2125
514 515 1740 3393
122 225 248 435 981 1536 1567 1765 2824 2911 3076 3278 4334 4397
514 515
1357 2396
2147
604 2811 2821
732 926 1440 4599
634 4016
4459
341
1671
2147
1914
634 792 1248
1754 2146
1754 2146
441
237 515 845 1754 4513
3181
1576
146 320 342 687 803 983 1235 1236 1394 1737 1899 1902 1932 2014 2049 2158 2279 2744 2872 3069 3248 3322 3678 3772 4078 4092 4142 4147 4160 4450 4509 4511
861
4459
429
2528
341 4264
3615
1297 4271
2171 4132 4534
1427 1691 1701 1702 2825
901 902 957 1297 1644
2149 2277 3181 4154
1336 1359 1484 1802 3509
1754 2146
1440
634 792 1248 4016
688
901 902 957 1297 1644 2147
1305 1440 1705
2261 3379
1433
1886
1427 2123 2153 2291
932 958
3924
901 1644
1754 2146
3923
2137 2146
4525
341 3726 3923 3924
146 320 342 687 803 983 1235 1236 1394 1737 1899 1902 1932 2014 2049 2158 2279 2744 2872 3069 3248 3322 3678 3772 4078 4092 4142 4147 4160 4450 4509 4511
597
2336
4518
3663 4007
2707
609
1427 2153
3181
1012 1663
601 787
2657
3467
1248
958 1578 1590 1826 2145 2148
1248
3410
1248
3947
735 1001
1578 1590
634 688
2277
845
901 1297
1693 2126 2332 2334 3210
1693 2332 2334
1718
1363
634
4118 4358
3560
34
1254
132 318 1450 1585 1769 1770 2418 2439
630 1873
870
2638 4152 4530
2147
1093
758 1655
3560
1829 2147
1306 3072
634 673 688 792 1248 2027
1423
923
658 1693 2332 2335 2336 3210 4636
1704
1728 2431 2537 2572 3181 3247 3270 3279 4024 4493
13 40 41 42 43 44 45 46 47 48 51 52 53 54 55 84 115 355 361 362 418 419 437 472 597 666 692 697 710 812 814 816 844 849 856 862 877 938 945 976 985 1289 1309 1382 1398 1399 1400 1420 1433 1437 1493 1569 1589 1634 1659 1672 1673 1734 1757 1777 1836 1893 1901 2119 2162 2185 2208 2221 2229 2233 2264 2320 2399 2400 2407 2410 2428 2478 2480 2520 2540 2666 2700 2741 2746 2748 2749 2751 2770 2771 2776 2779 2792 2801 2919 2945 3012 3044 3050 3134 3136 3152 3169 3242 3255 3325 3345 3362 3416 3566 3593 3620 3661 3682 3683 3697 3699 3700 3701 3812 3813 3814 3816 3817 3818 3819 3820 3821 3822 3823 3824 3825 3826 3827 3830 3831 3832 3833 3834 3835 3836 3837 3838 3839 3840 3841 3842 3843 3844 3845 3846 3847 3848 3849 3850 3852 3853 3854 3855 3856 3857 3858 3859 3860 3861 3862 3863 3864 3865 3866 3867 3868 3869 3870 3871 3872 3873 3874 3875 3876 3877 3879 3880 3881 3882 4036 4182 4209 4325 4439 4683
3173
862
3181 4630
596
1001
915
2058
630
1900 3139 3164
2308 2460
704 1697
1322
1682
4636
2332
129
2460
471 704 2176 2190
88 2306 2307 2460
547
2600
178 237 514 515 725 939 970 1312 1447 1509 1740 1754 1760 2137 2146 2210 2374 2425 3393 4441 4513
3304
688 4016
3239
3101
1574 2173 2176
1900 3139 3164
4091 4225 4256
707
2182 3060
2149 2276 2277
1951
2463 2785 3154 4096
148 4083 4532
280 2190 2591
2053
2390
2081
3122
2419
3342
1773 2591
1383
1453
661 1460 1806 2385 2386 2387 2615 2616 2618 4351
682
784
1890
1924 2010 2083
2147 2524
2184
3189
1331 3017
2026
2002
358
471
958 1590
1995
990 1269 1515 1574 2173 2176 2190
2058
1684
663
630 3736
547 1541 1806 2146 2296 3051 3285 3310 4667
1089 1102 1103 2953 2954
341 955 1684 2124 3726 3924 4616 4633
1944 2009
2292 2566
3235 3341 3951
999 4468
2461
280 1773 1967 2190 2591 3092
3122
2159
3342
2306
3966
1012 1179 1663
416
148 4083 4532
630 1874
1005 2666
2943 3225
1357
932
1791 3043
931
999 4468
3229
2307
1346
2385 2386 2618
3663 3736
931 990 1269 1304 1515 1574 2173 2176 2190 3064 3244
468 1363
2442
1566
630
2210
3088
910
1961
3289
280 1773 1967 2591
2012
1681 4233
1729
1874
1388 1778 3205 3370
2626
2053
471 704 2176
770 4265
170 3231 4019
970 1523
1363 1515
2290
2308
1481 1597
1900 3139 3164
1830
3231
990 1304 1515 1574 1695 1732 2173 2176
1326
890
1874
2027
4355 4599
131 1450 1585 2418 4165
2600
914
1944
1732
2184
489
2499 3985 4010 4064 4393
870
4118
2054
1874
3923
1363
1304 1695 1726 1732
2460
1012 1179 1663
2499 3985 4010 4064 4393
2210
2308 2460
2210
129
4636
1248
358
2124
468
2027
471
663
4630
538 2192
2810
2506 2507
3117
1854
1523
348 4448
673
1820
3264 3287
2308 4175
630
2012
2609
2170 3110 3186 3205 4271
2277
2047
150
1170 1179
4636
1427
1271 1305
1828
1890
239 240
88 2460
360
1874
2176
957
2253
2308 2460 3921
471 704 3316
1874
2182 3060
4595
2719
792
537 704 2642
2308 2460
931 2176
2308 4162
2027
489
280 705 959 3149 3352 3370 4518
1681
2292
1890
2435
552 749 750 1001 1265 1325 2654 3198
2254
630
1306 3072
1331 3017
1806
2499 2504 3985 4010 4064 4393
2210 3148
129
2146
80 88 92 95 98 117 124 129 141 142 148 149 153 158 160 163 183 227 228 229 263 280 313 323 327 338 340 353 358 373 375 397 405 407 409 416 417 468 471 661 704 705 739 784 785 786 795 853 854 868 876 889 890 891 931 936 959 990 994 1001 1209 1227 1269 1300 1304 1331 1363 1432 1460 1515 1527 1559 1574 1610 1618 1690 1695 1719 1732 1738 1773 1838 1889 1946 1947 1948 1949 1953 1967 1995 2005 2039 2115 2163 2173 2176 2182 2190 2191 2192 2209 2284 2293 2308 2314 2315 2316 2317 2318 2343 2344 2386 2397 2458 2460 2494 2495 2496 2506 2507 2553 2562 2575 2576 2582 2583 2584 2591 2592 2607 2608 2615 2616 2618 2641 2642 2643 2644 2690 2691 2753 2807 2858 2871 2962 3016 3019 3020 3051 3064 3066 3090 3092 3097 3103 3114 3117 3122 3127 3149 3159 3170 3182 3183 3184 3197 3199 3200 3201 3202 3203 3207 3208 3223 3227 3230 3232 3233 3234 3237 3243 3244 3252 3257 3260 3280 3310 3313 3316 3317 3320 3323 3330 3352 3357 3358 3361 3366 3370 3396 3398 3420 3424 3489 3526 3548 3568 3611 3631 3632 3650 3702 3708 3731 3771 3774 3785 3883 3887 3891 3897 3898 3911 3913 3914 3925 3928 3931 3933 3952 3959 3960 3963 3982 4020 4033 4065 4070 4083 4094 4100 4106 4107 4117 4145 4156 4158 4178 4179 4181 4187 4193 4201 4208 4229 4230 4232 4238 4240 4244 4249 4250 4251 4261 4267 4339 4350 4351 4363 4371 4386 4392 4401 4405 4406 4409 4442 4458 4460 4461 4472 4485 4495 4496 4498 4506 4518 4531 4532 4536 4608 4609 4613 4617 4621 4625 4641 4655 4665
4636
2149
2306
1681
3361
2113
795 1816 2536
2335
2335
1625 3022 3030 3085 3096
34 1874
3026
2626
471
1874
1754
673
1680
1874
1830
931
2394 4133
1874
358
1827
1590
1625 3022 3030 3085 3096
3264
955 1427 1701 2153
2607
3205
931
630
1923 2291
148 1304 2176 2210 4083
630
1406
3181 3265
3966
172 2943 3193 3224 3225 4068
957
1433
2145
1427 1691
661
1565 3895
100
4448
4088
870
4121
2626
1 505 759 1150 2757 3501 4047 4214 4587
2306 2460
3054
1916 1918 1923 1930 2123 2291 2524
1923
4141
471 704
630 914 915 1705 1854 2170 2261 2473 2521 3271 3781
531 1638
2344
1828
1305
1566 2350
1999
4029
2507
959 4518
1306 3072
1820
1900
2463
547 552 755 3361
2005 2190 4518
1590
2184
2460 2607
854 891 990 1269 1304 1515 1695 1726 1732 2176
1839
1754 2146
325 815 1230 1925 2622 2676 3735 4276 4476
3
280 1773
2261
3117
1918 1923
635
2306 2308
471 704
1918 1923
630
2308 2460
1322
704
955
1305
4072
1427 1691 1918
1140
1254 3145 3146
547
2011
931
1944
1693
1509
576
2120
1504
2058 2059 4595
2435
1305
1874
895
827 1240 3368
2524
1826
2475 2476
634 4016
2053
2137
2341
129
1254
1566 2350
1839
1304
870
634
3377 4091 4159 4225 4256
3205
2499 3985 4010 4064 4393
630
1475
468 471 704 784 897 931 2190 3316 4518
3361
1468 1742 4200
3210 4636
1691
729
4112
901 902 957 1297 1644 2145 3247
3231
673
3103
1874
129 2159
2687
955 1916 2427
489
1923
3231
2012
1944
2821
4630
630 3663
704
4346
1791 2055 3043
1227 3181
931 1418 2176
1450 1585 2418
2078
4165
1427
4265
471 704
1325 2105 2110 3598 4118
1693
468
3026 3316
1854
2149 2276 2277
2170 2743
1085
999 4468 4656
862 4252
3418 4407
1254 1806 3145 4028 4035
2277
3966
514 515 3393
720 721 1387 1426 2542 2637
462
1754 2146
2079
87
886
955
489
770 1541 3090
4029
1681 4233
1900 3139 3164
505 759 1149 2757 4047
2146
711 2170
2943
931
1305
1305
2308
3076
3231
1791
514 515 2146
2308 2460
4165
630
1306 3072
1238 2005
1890
2657
1248
501
1890
237 514 515 864 3393
2008
630
3368
1828
3923
71 129 785 1541 1772 1928 2058 2385 2507 2617 3207 3222 3333 3361 4617
2385 2386 2618
3964
1001
1828
746
705
886
1944
1754 2146
2009
454
634
2463
1545
572 1083 1084 1086 1187
3368
1450 1585 1926
1305
1248
2336
2499 3985 4010 4064 4393
1918
2953 2954 3737
3663
819 2269
4385
955 1427 1590 1701 2153 2291
690
88 2306 2307 2460
2085
3189
634
138
2212
1248
280 1773 2190
1544
484
2634 3197 4623
2210 3148
2127
3256 3350
3088
1305
784 1427
4247
2147
4636
870
1566 2350
630
546
280
2008
1705
955
707
1900 3139 3164
2149 2276 2277
1827 2011 2516
1306 3072
4162
957
1918
148 4083
2210
1695 1732
1475
4234
3210 4636
2047
3231
2591
223
1227 1944 1945 2009
2308
3232 3233 3234 4536
2127
4165
1427
1828
2027
328 1675 1886
280
1450
280
4141
468
484 489 492 547 758 825 866
2460
690
3360
314 597 2121
129
1681 4233
1819 1820
70 1187 4483
1664
914 1306 3072
2335
1890
3966
682
737 738 741
673 792 3637
911
1923
2002 2012 2212 2422
2290
280 3231
658
2137
2137 3285
955
2210 3148
1675 1886
1357 1465
2008
2949
2149 2276
2190
2009
2528
634
3239
2261
2524
534 2308
471 704
795 1331 1816
4385
3304
1944
1918 1923 2291 3025
2078
219 230 355 644 710 796 817 938 985 1003 1258 1575 1842 1887 2066 2122 2346 2594 2632 2655 2678 2708 2714 2733 2741 2747 2769 2786 2800 2805 2806 3098 3185 3204 3226 3245 3661 3970 4012 4053 4087 4252 4342 4598
3239
2460
2277
2312
1427
1401 2053
3181 4482
2719
4112
1960
1874
3239
4518
3245
2347
2290
1378
3393
891 931 1269 1515 2190 3132
2626
3316
4595
2190
1961
870 932
3663
514 515
2027
3144 4083
1712
1001
2009
690
2607
4347
341
1139
2308
1413 1504 1526
2210
1656
280
1874
1693 2126 2151 2332 2334 2335 3210 4636
931 2058
3239
1679
897
870 932
1305 1306 3072
1498
2147 4630
1249 1275 1386
4175
1002 1254 1718 2943
1012 1663
255 1486 2497 2498
2499 3985 4010 4064 4393
4176
2723
1453
2149
484 491 652
2151
1590
537 539 720 721 915 1243 1254 1387 1426 1447 1949 2308 2312 2542 2637 3285
3231
931
3328
2499 3985 4010 4064 4393
3239
1460
630 3663
4162
1406
914 4523
2279
350
1305
3110 3205
2190
3923
630
2147
697
1847
955 1917 1923
1818
1227
2149
3344 4023
2409
3334
1691
630
1572
552
4630
1304 1695 1732
2460
2047
2127
1345
1277
1944
3968
923 1357 1529
1012 1179 1663 2352
4630
2290
2657
2053 4383
792 1248
1227 1685 1944 1945 2009
1788 2047 3709
524
1383
2566
3148 3328 4330
2176
2082
455 528 597
471
1563
1752
1828
854 990 1269 2190
2347
2308 2460 4175
3148
1541
1427
630
673
2290
468 3064
1600
2170
707
4027
917 970
3264 4599
653 2374 2864
1695
886
1427 2153 4639
1900 3139 3164
795 1331 1816
1693 4636
280
1874
1254 3145
2312
88 2306 2307 2460
493
3328
1261
1718
148 4083
3103
148
2308 4175
141 1625 3022 3030 3085 3096
958 1578 1590
220 1318
1684
2308
4029
1918 3549
220 1680
586
1576
572
990 2176
1918
1874
501
4629
4518
232
3138 4508
1248
931
802
702
2821
2009
976
2254
3155
2009
870
2300 2301 2302 2432 3332 3991 4516
2155
1248
673
471
313 3222
1357
2146
1248
1824 2107
3966
886 1001 2654 3198
328 2467 2709
634 1313 1465 4016 4507
811 1343 1350 1554 2426 3262
738
1664
280
957
489
957
2821
901 902 957 1297 1644
1754 2146
634 4016
1357
2401 2866
515
1590
1754 2146 4058 4446
630
679 4004
2078
634
787
1001
514 515 1684 1718
1754 2146
1886
957
1427 1718
1916 1917 1918 1923 1930 2026 2291 2421 4128
1406
1675
1790
1406
901 902 957 1297 1644
3155
77 4270
484 489 491 866
870
2184
1427 1826 1918 2145 2148
1140
4158
341
1297 1644
173 789 866 4637
96 3766
1718
547 823 1938 2312
1406
1818
4158 4377
1318
955
1406
932 1406
1754 2146
234
1644
1737 2049
235
4154
1705
792
673 792 910 2415
690 1792
634 4016
328 842 2210 3076 3148 4328
254 344 2459 2518 2556
2517
1675
999
3560
34 4005
4128
1171
3189
2011
1874
2022
2340
2012 2212
1888 1928 1949
313 1791 3222
1248
1248
1918 1923
634 910 1248
634 910 1248
1248
1918
600 883
1684 2124
634 910 1248 1411
328 509 634 2203 2350 2755 3266 3324 4016 4138
328 509 634 2203 2350 2755 3266 3324 4016 4138
328 509 634 2203 2350 2755 3266 3324 4016 4138
328 509 634 2203 2350 2755 3266 3324 4016 4138
328 509 634 2203 2350 2755 3266 3324 4016 4138
597
4072
634
2021 2022 2048 2092 2144
2123
2120 2417
2120 2417
604 605 2811 2821
720
637
328 357 770 1001 1541 4456
328 357 770 1001 1541 4456
143 787 1718 2184 2483 3218 4629
955 1918 1923 2291 2524
95 234 318 341 386 446 454 658 660 711 729 749 846 955 1265 1453 1661 1684 1694 1754 1769 1808 1815 1918 2124 2146 2149 2184 2210 2276 2416 3046 3156 3261 3369 3379 3726 3923 3924 4264 4402 4616 4633
1646 3295
1646 3295
333
1828
1752
1012 1663
2340
1140
2210
2210
2124 3966 4616
514 515
63 341 3923 4633
1295
113
2146 3947
2146 3947
905
905
905
905
905 3025 3270
905
905 3421
905 1679
905
905 1679
905
905
3948
3922
237 514 515 1740 1754 1760 3393 4513
1463
1247
3726
66 630 3435 3663
923
232 446 658 728 1247 1342 1411 2605 2949 3281 3969
1944
4513
2149 2276 2277
2563
3726
341 3924
901 902 955 957 958 1297 1427 1578 1590 1644 1691 1701 1702 1916 1917 1918 1923 1930 2123 2145 2147 2148 2153 2390 2524
3726
1140
1357
341
146 320 342 687 803 983 1235 1236 1394 1737 1899 1902 1932 2014 2049 2158 2279 2744 2872 3069 3248 3322 3678 3772 4078 4092 4142 4147 4160 4450 4509 4511
115 119 133 166 167 320 335 454 455 484 485 487 492 495 525 526 527 528 529 530 531 545 553 555 557 567 568 574 575 577 578 579 582 586 587 588 592 595 596 601 606 634 652 655 656 666 684 686 688 689 707 708 725 734 743 744 764 791 802 808 812 849 857 858 860 906 933 944 950 998 999 1198 1280 1389 1390 1447 1455 1468 1480 1493 1523 1616 1622 1623 1657 1665 1742 1769 1837 1884 1940 1952 1969 1992 2038 2157 2169 2171 2373 2396 2398 2409 2479 2512 2571 2679 2700 2801 2811 2821 2854 2885 2890 3026 3118 3129 3134 3176 3231 3277 3786 3918 4103 4197
455 600 601 605 815 2249 2821 3367 4057 4076 4197 4225 4396
455 600 601 605 815 2249 2821 3367 4057 4076 4197 4225 4396
455 600 601 605 815 2249 2821 3367 4057 4076 4197 4225 4396
455 600 601 605 815 2249 2821 3367 4057 4076 4197 4225 4396
720
720
720
455 600 601 605 815 2249 2821 3367 4057 4076 4197 4225 4396
1740
125 1943 2302 2507
125 1943 2302 2507
125 1943 2302 2507
454 505 515 663 1005 1234 1235 1236 1258 1357 1538 1576 1634 1961 1962 2093 2253 2305 2882 3155 4016 4523
673 792
720
720
601 720 725 825
601 720 725 825
600 883
429
429
429
429
429
115 119 133 166 167 454 455 485 486 525 526 528 529 530 531 545 553 577 578 582 587 588 592 595 596 601 603 606 634 651 652 655 656 666 671 681 688 689 707 708 725 734 764 802 812 849 906 933 944 998 999 1198 1280 1447 1468 1480 1523 1616 1622 1623 1657 1665 1742 1769 1837 1884 1940 1952 1992 2038 2157 2169 2283 2373 2396 2398 2409 2479 2512 2571 2679 2700 2801 2811 2821 2854 2890 3026 3058 3118 3129 3134 3176 3231 3277 4103 4197
669 673 1410 2874
669 673 1410 2874
669 673 1410 2874
669 673 1410 2874
669 673 1410 2874
669 673 1410 2874
669 673 1410 2874
514
1261
344
4140 4482
3344
673 792 1248
404 673 1313 2755
669 673
178 970 1312 1509 2210
4595
1248
634 688 4016
2002 2212 2422
328 669 673 2137 2577
669 673
4165
3780
705 3352 3370
484
1032 2694 3696
1684
1791 3043
68 1215 1239 3101
4265
414 1681 4233
2344
1460
4593
2419
4227
3122
4151
3164
129
3344
2210 3076 3148
2008
529
3088
2340
2159
2566
239
2212
1526
4630
990 1269 1460 1515 2176 3064
1427 2153
1773
2307 2308 2460
1704
1874
2184
3342 4118
4121
712
4518
1515
88
4385
4029
1938
911
1798 3143 3478 4585 4586
2149
1980
350
1304
1322
1383
1406
705
1890
3549
128
255 1486 2497 2498
1266 1675 1886
4149
3229
3371
1361
2002
2315 2316 2576 2591 3122 3170
630
2306
2082
4089
4404
471 704
3081
4014
3384
634
280 1773 1967 2591
2821
673
3703
170 2679 3231 3983 4019 4197 4446 4503 4535
2307
2058 4595
88 468 2490
471
3376
2124
1773 1967
2159
1625 3022 3030 3085 3096
1692
2300
2210
4247
2307 2460
239 240
1266
4022
280 471 704 785 994 2315 2316 2318 2553 2576 2591 3122 3170 3244 3316
891 931 2173 2176
2055
138
1728
1401 2053
386
1810 1827
4270
2419
891 1460
2126 2335
1790
1773
2147
2084 3338
2677 4444
1304 1695 1726 1732
854 1304 1574 2173 2176
2607
673 910
4630
2159
3342
265
735 2135
484
931 2471 4610
1277
634
1304 1695 1726 1732
1874
1874
1331
4236
4112
1726
3122
95
2460
2005
289 1833
3891
4630
543
4029
3148
1681
4181 4267
1248
1874
3122
3025
377 4481
1269 1515
1874
2567
661 1252 1460
576
456
2719
661 1252 1460
3103
2306 2460
1888 1928
968
3122
1465
280
88
1838
3026
2192
1890
471 3122
3368
1313 1318 2473
2053
3122
1791 2055
505
1498
923
901 902 957 1297 1644
4141
910
931
1005
2687
2176
784 897 2058
490
185
88
2807
1475
4112
1816 2536
690
1772 2058 4595
1331 1816 2532 2536 3017 3018
1383
3048
138 4337
4446
3726
3049 3071
1662
4522
1847
4159
2149
1820
1248 4029
4165
1427
3896 4072 4373
2021 2022 2092 2144
1625 2138 3022 3030 3085 3096 4143
2138 4143
2115
280 1773 2344 2591
862 3661
1357
673
536
536
1318 1465 3017 3379
1305 2261 3706 3926
792
1874
535 663 690 914 1295 1576 1938
732 2470
2821
368 630
530
999
931
1900 3139 3164
634
4200
1999
1248
690
1874
955 4113
1951
2344
635
702
635
891 1304 1574 1695 1732 2173
1215 3101
3368
634 4016
2085
870
765 1385
67 68 1237 1239 4126
67 68 1237 1239 4126
280 705 891 990 1304 1695 1773 2176 2190 3159 3352
2022
2281
1874
932
318 1769 1770 2439
1427 1826 1923 2145 2147 2148 2524
652
2278
851 3088
784
630
4150
1460
1900 3139 3164
955
2340
4112
2507
2278
2190
2261
4636
3377 4159
705 3352 3370
2532
392 999 4239 4468
2192
2292
1454
2277
815
2149 2277
3209
4385
2528
634
3954
172 2943 3193 3224 3225 4068
3368
547 1001 1413 1504 2425 2437 3091
3103
2607
2210
1406
2009
1681
1944
3049
4101
280 1773 1967 2591
1890
88
1305
4118
2149 2276 2277
2126
150
1754 2146 2499 2504 3985 4010 4064 4393
2943
673
910
1726
1854
1305
1773 2591
1944
360
495
1566 2350
1675 1718 1886
1918 2524
471
88
1331 3017
673 792 1248
3189 3292
4599
1816
651
1318 2013
289
2292 2566
1248
471
2863
351 2164
4112
3189
2516
344
3122
360
2022
2002 2212
2009
3064
2460
3122
3047 3049
172 2943 3193 3224 3225 4068
22 2269
1012 1179 1663
2151
2552
2124
4346
2009
87
707 3026
2210 3076 3148
608 609 925 1151 1152 1160 1798
4112
1643
4236
1918 1923 3181
1774 3064
471
3924
905 4031 4527
265 1886
707 1254 3144
276 4606
3230
1684 3148 3966 4616
2464
2468
1239
2006
4346 4385
2506
1590
2425 4394
955 1791 3043
784 897
471 3475
1967
795
785 786 1816 2536
3122
1239
3047 3049
313 3222
1465
4038 4243 4465
173
1001 1643
30 1793 1927
1773
3379
471 785
2473 3146 4016 4118
1401
1820
931
2499 3985 4010 4064 4393
705 959 3352 3370
4333 4595
1318 1481
3301 3962 4236
2863
854 4127
4162
1726
2190 2344
2124
4337
2170
515
1440 3146
4335
2655
3230
1754 2146
88
3964
1295
148
4630
265
2427
1297 4154
1427 1691
955
4067
2290
3231
2407
2277
2212
4653
2385 2386 2618
289
289 3532
2415
1254
4141
1306 3072
1625 3022 3030 3085 3096 3107
3043
2278
3231
1492
707
1001
785 990 1304 1363 1515
2182 3060
87
2447 3555 3639 4264
2460
2307 2460 2863
3155
129
1917
3231
886
955 1427 1701 1918 2123 2145 2153 2524
1254 3146
3207 4617
2176
1450 1585 2418
1773 2591
380
2027
3829 4684
254 344 2459 2518 2556
3328 4330
265
289
3120
785 1269 2190 3352
233
1306 3072
1305
2190 3184
3146
1363
705 931 2176 3064 3352
148 4083 4532
1889 2464
2425 3379
3894
237 515 1760 3393
1228 1229
1331 1816 2190 3017
1305
3122
2161 2261 4624
130
1944 1945
707
854
931
707 3026
661
2261
4385
3270
1277
2821
690
3365
1261
3400
630
1839
593
751
3088
1653 2547
128
551
2882
3146
1810
61
596
3040
4014
490
148
2516
1269
1427
1254
2136
4138
2279
2536
2474 4191
2811
4014 4452
2475 2476
919 1560
3241
3777 3932
4029
2589 4029
939 989 1001 1754 1961 1962 2137 2146 2156 2821
2279
380
725
321
3964
3047 3049
484 489
121
1171
2336
1565
914
3289
82
2127
3122
2080
1675 1886
2184
3122
505 2213
2344
547 552
1305
870
2308
4371
4400
4112
3388
1895
386
1918
1427 2153
3205
1625 3022 3030 3085 3096
1928
1644
1944
1673
2536
471
280 1773 1967
661
3122
1500
1297
746
2340
1828 1951
1569
2210 3148
3728
955
3229
634
2055 4154
2435
1918
2308
651
1597
2149 2276 2277
1248
634
1944
1881
1685
1313
3361
127
3401
725
729
289 1833 3298
2005 3184
3726
332
2341
4118
1819 1820
634
416
341
3181
4357
1576
1001 1754 2146
3072
2210
2210 3148
1427
1644
2152
33 787 1718 2184
4243
792
