6466
6981
358
7011
1309
1983
3326
868
4774
5136
1392 3431
1592 2428 2524
4513 4796 4798 4809 5822
6707
6458
1625
3428
1625
6168
5223
3780
3106
388 954 8067
2043
3574
3379
3396
729
2043
6302
1215 8113
1625
3766 5062 5066
528 8359
4084 4269 6391 6587 6689 6939 7567
365
404
2043
5271
5136
6707
6707
6707
6707
6707
6707
6707
6707
6707
160 305 821 1243
404
6707
6707
6707
6707
6707
3428
607
5386
1314 1689 1810 2203 2660 2981 3465
563
8241
386
7620
6509
464
6588 7643
7964 7965
7713 7964 7965
2043
7250
2594 3019 3572 5450 5784 7153
1935 2055 2641 3592
191 739 1111
3582
3628
1401 2213 2638
754 994 2198 2395 3945 4069 4155 4320 5819 7530
49
34
6928
384 2201 2487
8278
383
6509 6707
3384
270 1135 3892
4805 7117 8074 8173
92 4090 4499 5661 6464 6726 6894 6928 7182 7443 7749 7791 7875 7899 8018 8039 8140
34
1822 4248 5562 6357 6571
1064
6928
19
49
462 1946 4557 5964 5979 6928 7607 7844
516 677 1052 3879 4319 7540
729 1215
6928
2205 3599 3981 4940 6054
15 64 212 2270 3022 5483 6975
39 56 3129 3825 3831
3805
1433 1556
5807
1711 2628 3487
1511 3461
2594
1877
2057
2818
1586
3973
7622
604 3322 6248
49 1231 1733 2657 3586 6707 7658 7683
49
6928
1877 3523 6361
1231 7658 7683
426 971
8272
587 1351 6607
62
6928
1120 7668 7669 7670
2469
8335
367 410 818 3298 3791 7765 8236
1502 3019 3499 3572 4337 4518 4540 4682 4691 4694 4695 4731 4734 4782 4814 4865 4879 4893 4959 4962 4968 4984 5278 5279 5284 5285 5286 5567 5971 5972 6242 6326 6328 6329 6330 6331 6332 6333 6723 6859 6926 6928 7052 7076 7153 7247 7724 8178
8214
729 1215 4362 6838
353 6691
1231 7658 7683
1401
5193 6084
19
34
25 51 7186 7809 7909
2325
35
133 639 773 816 980 1567 4200 4351 6928 7452
1511 6928
16 7605
3322 3851 5045 5382 5394 5912 6028 6249
3851 5045 5382 5394 5912 6028 6249
6626 6657 7657
3428
1961 4001 4007 4193 4286 4337 4840 4916 5008 5009 5181 5416 5667 5668 6742 6789 6928 6963 7218 7448 7450 8143 8204 8246
6928
6886 8023
118 3129 3556 3720 5235
34
6928
123 133 639 4200
5823 5824
5823 5824
5823 5824
6928
3559
6928
35
49
6928
8 26
8 26
1231 7658 7683
1231 7658 7683
13
13
2014 4008 6823 7788
8 34 41 58 1686 2089 3265
97 3298 6968 8004 8066
6446 7539 8111
34 328 984 1199 4200
13
13
62
6729 7699
63
4124
5823 5824
1173
355 1446 1502 1513 1567 3019 3623 4592 4690 4788 4948 5096 5097 6928
51
1897 2002 7898
145 341 971 4264
2723
3520 6168
3285
1519 2669 2978 3038
746
6573
1309 6126
5085
2529 2902 3493
3032
3457
3415
1511 3623
2153 2506
1556
1858 2057 5330
3063 5036 6142
3623
1541 1609 2507
3396
2650
3428
1556 3428
2106
1585 2503
2688
1828 2923 3356 3540
1511
2988
1877 2594
2165 3432
4852 4853 6427
7289
7454 7459
49
49
90 4371 7227
17 18
2110 2961 6607
63
6928
3782 4781 4892 6928
6928
7289
63
170 363 2558 3914 4367 7469 7645
8197
228 432 457 478 483 516 740 1135 3879 4014 6467 6552 6557 6559 7551 7607
204 767 817 3954 6372 7554
204 767 3954
427 622 662 740 764 1754 2601 2606 3081 3257 3746 4480 4706 5386 5760 6334 6378 6623 6729 7147 7639 8208
2455
4409 6454 6893 7733 7803
6454 6893 7803
3034 5819 5924
49
49
49
49
62
1401
35 3559 6355 6607
1446 2668
57
447
65
5529
49 7562 8191
3983 4326 7346 7766
49
3709
5507
1271
2701
467 1576 1880 2761 4248 6324
1877 2119
6928
41
7830 8086 8145 8193
37 971 984 1199
25 51
51 88 287
3631
91
303
33
2015 3461
1714 1787 4717 5451
19
101 3171 4069 8088
3650 3867
5562
13
3782 4817 4818 5669 6394 6405 6743 6781 6813 6913 6928 7012 7189 7206 7237 7239 7263 7331 7439 7499 7784 7806 7874 7927 7966 8016 8307
1351
49 6509
62 113 742 836 937 6547
917
35 873 1475 1511 1798 2088 3314 4386 5244 5245 5246 5247 5527 5895 6254 6342
270 432 1135 3892 3940 6553
1196 1207 1214
632 5857
7847 8047 8158 8159 8194 8339
1076
1076
1076
2276 3562
30
740
3637
1320 1408 1604 1919 2378 2595 2992 3150
1739 3310 3419
2701
2014 3448
3118 5341
1555 3415 5003 5172 5819
6044 6112
5271
3032 3399
2706 3453
1279
2455 3048
2510
3197
2594
5980
5757 6310 6928 7487 7577 8108
7246
5191 5536
49
49
37 306 339 1523 4455 4456 6467 6691 7607 7971
6361
1129 1231 6626 6657 7657 7658
8268
49
6928
1536 1556 2091 2537 2794 3393 3428
7010
49
5028 6928
55 128 141 143 145 195 296 306 371 375 397 398 399 429 529 535 602 630 675 689 799 846 858 862 883 923 928 940 951 985 992 1030 1038 1042 1056 1138 1273 1319 1471 2149 2213 3384 3576 3578 3867 3943 4150 4469 4736 5541 6168 6385 7236 7494 7561 7588 7589 7590 7591 7592 7603 7604 7704
49
740
5819
8342
7610
8 37
1231 7658
2594
35
6928
21
6928
668 1346 2862 3071 3511 6467 6615 6631 6656 6775 7325 7537 7607 7620 7651 7656 8348
6626 6657 7657
5924
1334 2761 7562 7693 8056 8191
6509
10
704
72 242 678 817 1177 2001 3969 6402 6403 6875
632
909 7367 7757
909 8052
54
6928
19
6707 7289
3595
55 7603 7604
94 163 663 699 798 926 1521 1539 2872 4245 4248 4260 5562 6285 6764 6862 6928 6952
447
2872 5562 6895 8033 8058
6707
6707
1743 1877
2994
1266 1270 1572 1611 1877 2859 3088 3275 3644
1351
3559
111 7940
5819
6301
47 104 585 4034
2415 2739
3384 6928
49 54 603
6928
8 63
34 7859
1049 4084
95 3892
8188 8266
49
49
49
49
49
157 432 483 516 740 843 869 1052 1135 1136 3879 4436 6467 6552 6553 6557 6559 7607 7812 8296
49
54
62
332 498
729 810 6374
7992
49 949
49
62 836
14
6928
8 4272
62 836 1236
49
2048 4510 6504
692
920
142 143 173 413 460 518 686 816 864 943 1065 1132 1273 4474 5393 7697
6928
168 276 560 2020 3766 3780 4360 4498 4591 4872 5053 5396 5454 5486 6097
6928
2506
6928
25
47
13
10 34 2602
6388 7715
49
6788 6928 8347
3499 4129 4337 6928
6707
6707
2455 2646
2646
2646
2646
2646
2455
1415
2646
3322 3851 5045 5267 5382 5394 5912 6028 6249
3210 6629 7678 7679 7680 7681 7682
831 1284 1316 1346 1415 1669 2075 2233 2263 2406 2824 2896 3066 3229 3605
3574
1487 2047 2789 2848 3068 3097 3274 3286 3394 4627
2594
2594
49 1023 1960 2160 2761 2956 3290 6607
49 1023 1322 1675 1766 2108 2160 2190 2237 2278 2398 2430 2576 2840 3262 3296 3459 3560
49 1962 2143 3153 6501 6509 6707
49 54 603 3559 6500
1779
579 5129 5528
34 49 604 3318 6622
49 96 123 315 428 502 508 642 944 969 1649 1913 2026 2045 2317 2429 2485 2675 2761 2948 3107 3191 4289 4486 4796 4797 4798 4800 5822 5985 6024 6203
3124
2227 2485
49 2506 6509
35 49 149 1272 1694 2021 2296 2506 2639 3093 5038 5337 6467 6509 7607 7645
2108 3574 6511
2108 3574 4046
2108 3574
1315
1315
1609 2253 2506 3403
14 240 247 2029 2933 3526 3539 4256
810 879 1231 1262 2701 4145 6467 7164 7607 7658 7671 7683
1129 1230 1231 7411 7658 7659 7660 7661 7662 7666 7683
7865
1271 1809 2825 2939 3008 3035 3037 4525 5146 5150 5797
22 47 1568 3358
2145
1846
1877 2256 2650
131 731 1288 1746 1753 1875 1884 2034 2217 2268 2371 2465 2721 2832 2883 3104 3267 3282 3417 3475 3811 3812 3813 4214 7114
852 1265 1816 2511 3492
1539
8 21 34 43 2208
1268 1579 2191 2368 2834 2898 2924 2997 3272 3450 3577 3818 3821 6377
2165 3599
62 480 1061 3101 3905 4382 4390 5444 5645 5654 5819 5921 5931 6149 6406 6409 6804 6864 6928 7064 7100 7241 7425 7791
2033 3048 3101
6010
167 200 275 397 577 1064 2792 3899 3915 4025 4054 4085 4156 4175 5234 5292 5654 5921 6036 6419 6592 6725 6765 6821 6866 6901 6928 6942 6987 7018 7064 7097 7282 7412 7486 7779 7792 7806 7880 8038 8050 8083 8101 8116 8306
3129 3611 6509 6707
1326
414 6008
1386
2238 2793 3228 3623
2918 3375
3235 3326
1429 1664 1877
1877 3017
3034
252 403 1501 1524 1550 1736 1894 1965 2004 2277 2359 2587 2632 2669 2922 2930 3070 3354 3633 4594 5179 6030
1445 1465 1491 1751 1804 2087 3299 3333 3512 3575 3631
0 8 61 164 936 938 1231 1332 1364 1365 1799 1944 2162 2495 2517 3075 3091 3317 3681 3768 3786 3826 3827 3838 3930 4121 4380 4420 4506 4508 4512 4516 4519 4523 4524 4526 4529 4530 4532 4533 4542 4572 4579 4589 4595 4601 4606 4653 4662 4673 4684 4739 4744 4747 4751 4761 4776 4784 4787 4789 4799 4821 4844 4863 4927 4928 4929 5001 5013 5022 5044 5081 5101 5147 5154 5159 5160 5164 5184 5185 5186 5270 5288 5289 5290 5295 5341 5362 5412 5424 5508 5544 5554 5555 5663 5664 5747 5781 5841 5999 6114 6187 6310 6509 6593 7191 7242 7352 7531 7658 7709 7832 8271
1231 7658 7683
4107 7683
1231 6509 7658
61 2495 3075 6593
411 433 3075 3750 4120 4237 4302 4379 4394 4580 4863 4911 4927 4928 5236 5260 5261 5415 5419 5456 5457 5460 5461 5485 5488 5579 5580 5738 5768 5769 6002 6057 6058 6065 6299 6300 6478 6593 6844 6912 7079 7120 7242 7501 7531 8271
2427 3569 7897 8245
132 186 382 1944 2962 6509 7352 7531
1231 4416 7242 7658
458 1332 1480 1542 1799 1889 1944 1954 1997 2019 2147 2419 2449 2487 2495 2517 2773 2977 3023 3091 3099 3252 3347 4520 4521 4522 4732 4778 4785 5256 5257 5674 5906 6255 7444
382 903 1944 5313 6542
1231 1940 3597 7658 8034
2487
3399 5054
1511 2027 2124 2624 2645 2881
4549
1394 1487 1926 2628 3597
103 231 572 1432 1805 2224 2402 2711 2984 3175 3509 3515 4561 4626 4715 4769 4829 4894 5701 6449 7145 7466
1504 2058 2118 2601 4759 5076 5126 5145 5303 5594
1503 1627 4566
1406
614 1242 1474 1641 1666 1765 1979 2083 2094 2201 2218 2499 2816 2956 3048 3315 3418 3494 4770 5418 6590 6981 7125 7671 7886 8285
3418 3428
330 1474 1641 1765 1979 2049 2083 2201 2218 2269 2499 2741 2816 2920 3232 3444 3494 4582 4713 4770 5177 5293 5418 5437 5438 5439 5463 5537 5889 5918 5919 5956 6119 6120 6139 6186 6287
131 418 798 888 1643 1953 2074 2244 2384 2393 2570 2692 2850 3386 3553 5334 5399 5401 5402
630 7588 7589 7590 7591 7592
2598 3048
3463
2827
2506
122 159 193 194 259 298 311 427 468 554 622 662 706 714 740 764 841 850 957 1004 1095 1277 1388 1530 2601 2606 3081 3257 3382 3746 4706 5115 5386 5750 5751 5752 5760 6334 6378 6606 6608 6729 7112 7136 7147 7316 7518 7619 7639 7691
122 159 194 268 311 355 427 444 468 547 554 622 662 706 714 740 764 841 850 957 1004 1095 1277 1292 1349 1379 1388 1511 1530 1531 1618 1634 1744 1745 1754 1803 1915 1958 2005 2062 2069 2126 2272 2274 2295 2372 2413 2571 2601 2607 2611 2626 2659 2669 2704 2814 2869 2871 2873 2950 3072 3081 3100 3124 3160 3180 3203 3257 3270 3278 3355 3373 3382 3502 3521 3648 3689 3690 3746 3819 4480 4554 4613 4704 4706 5010 5107 5115 5191 5229 5263 5333 5363 5386 5648 5685 5750 5751 5752 5760 5795 5884 5911 5994 5995 6206 6219 6318 6334 6378 6606 6608 6623 6729 7112 7136 7147 7316 7509 7518 7619 7639 7671 8134 8208
2526 3324 5353 5366 5369 5392 5502 5505 5535 5559 5560 5561
3272
2165
1212 2806 3765 5891
42 1420 3636
1692 1752 3036 3050 3215
18 21 47 62
2373
433 3574 6509 7405
1231 1560 2669 4160 6509 7658 7683
1231 7658 7683
1231 6509 7658
384 487 1231 7411 7658 7683
1231 1487 6509 7658 7683 7728
1231 6509 7658 7683 7941
1231 6509 6989 7658 7683
6350
773 908 3003
7281
1736 2576 3318 3461 6305 7937
5390 5396 7931 7932
243 3565 6907 7355
974 3953 6869
1149 6548 7355
1
677 1196 1214
3539
7850
82 2344 2699
1082 1231 1372 4277 5819 7658 7683
7205
353 470 522 649 692 859 1149 1153 1166 1832 3448 4046 4068 4081 4127 4143 4163 4169 4318 4801 6415 6548 6727 6773 7002 7030 7242 7542 8006 8287
1877 2970
1738 1877 1955 2038 2223 2304 2445 2585 2812 2970 3264
1877
1085 1297 8237
683 837 1085 4018 4046 4058 4068 4127 6918 7002 7386 8287
1231 7658 7683
3326
1231 7658
6130
1231 6509 7658
2455
3326
5975 6196
1435 3762 5021 5059 5082 5339 5400 5495 5504 5519 5874 5992 6130 6208
2176
2176
1264 2988 3583 3721 5018 5021 5082 5302 5383 5431 5494 5496 5519 5878 5880 5914 5958 5973 5988 5989 5990 5991 6130 6509
2265 3762 4977 5021 5905 5988 6079 6115 6181
6509
1231 7658
1231 7658
3752
3574
1321 1415 1621 1877 1888 1999 2098 2120 2688 2704 2714 3244 3477 6499
607 6492 7168 7462
3903
1231 7658
1231 7658
843 1129 3758 7036 7864
1231 6509 7658 7683
1231 6509 7658 7683
1231 6509 7658
6509
6509
1231 7658 7683
1487 3034 3326 3390
421 430 1053 6373
3156
1231 1278 5212 5213 6509 7460 7658
1231 7658 7683
1231 6509 7658 7683
6509
4060 6509
6509
1231 7658 7683
603 8232
162 167 273 798
1231 6509 7658 7683
1231 6509 6711 7658 7683 8242
162 365 591 658 2601 2860 3778 4429 4437 4444 6599 6658 6707 7246 7411 7593
2902 6509
3593
1230 7585 7659 7660 7661 7662 7666 7677
384 531 1128 1230 1231 6509 6667 7658 7659 7660 7661 7662 7666 7675 7676 7683
1400 2395 2414 2782 3804 4644 6015
7683
1798 6513 6611 7600
1230 7600 7659 7660 7661 7662 7666
1231 7658 7683
61 842 3075
160 187 305 313 868 1097 1098 1099 1101 1102 1103 1155 1156 1157 1235 3666 4231 8077
160 187 305 313 541 868 1097 1098 1099 1101 1102 1155 1156 1157 1235 3666 4231 6663 8077
3523
2501 2593 2782 3253
3440
2198 2395 3326 5819
2674
3396 4740
1865
1877 3348
3268 3623 4506
1271
1445 5881
493
3181
2095
3428
2556 3171 3318 5614 5615 5616 5819
2556 5614 5615 5616 5819 6282
2556 3987 5619 6078 6108 6111 6275 6276 6277 6278 6279 6280 6281 6282 6283 6284
2645
5138 5913
115 127 184 367 375 486 507 553 556 559 713 731 760 771 865 887 1040 1069 1091 1337 1413 1466 1470 1566 1587 1647 1723 1935 2085 2117 2129 2146 2199 2210 2360 2444 2500 3040 3128 3238 3362 3413 3646 3922 3923 4040 4144 4160 4222 4244 4308 4384 4489 4538 4675 4692 4975 4980 4985 4991 5091 5211 5421 5497 5498 5503 5569 5636 5782 5802 5867 5868 5870 5953 5993 6004 6031 6071 6162 6164 6195 6200 6240 6241 6385 6423 6497 6587 6588 6692 6715 6772 6790 6807 6880 6920 6961 6964 6988 7020 7062 7086 7139 7149 7204 7362 7372 7384 7422 7512 7643 7774 7940 7977 8230
4975 5144 5643 6004 6222
1901 2117 3013 3565 3922 4106 5309 5520 6185
2723
143 156 188 246 273 306 354 405 465 485 506 512 529 604 630 666 681 716 723 775 784 799 880 922 994 996 1006 1121 1148 1167 1170 1200 1231 1273 1319 1458 1721 2073 2149 2155 2182 2190 2302 2765 2990 3039 3086 3384 3578 3581 3667 3668 3669 3861 3867 3943 3947 4047 4162 4225 4251 4294 4299 4434 4448 4451 4535 4560 4587 4689 4742 4743 4775 4848 5201 5269 5308 5331 5332 5335 5541 5542 5543 5596 5622 5649 5650 5902 5977 6142 6159 6291 6325 6473 6487 6600 6613 6619 6641 6678 6686 6701 7048 7058 7165 7185 7277 7495 7506 7515 7560 7581 7582 7587 7588 7589 7590 7591 7592 7595 7658 7683 7702 7783 7835 7945 7960 8002 8320 8329 8346
4225 7016 7954 7956
2638
7602
5348
2000 2061 2603 2649 2729 2798 2970 3194 3391 4381
2666 2772 5381 6136
1935 2572
3376
2669
49 847 971 999 1044 3574 7289
49
49 3574
49
49
49
49
4679 4680 4727 4730 4733 4864 4947 5499 7683 8045 8325
1231 7352 7658 7683 7973
632 1771 3986 5191 5536 5982 6053 6060 6061 7432
3522
1231 6509 7658 7683
1231 6509 7658 7683
3472
49 66 117 314 501 773 891 910 912 1556 2524 2761 3507 3559 3576 4418 6383 6396 6467 6704 7264 7607 7645
2685 3423
1023 6467 6494 7607
275 3499 6406 6417 6753 6928 6973 7863 7867 8220 8308
1723
114 455 639 679 796 917 1736 1931 2108 2216 2333 2844 2862 2901 3650 3993 4275 5287 5449 6453 6771 6867 7671 7937
2469 2988 3644 5869 5903
61 337 6510 6593
1231 1987 3469 3795 5828 6707 7658 7683
3428
6510
173 455 590 785 833 1032 1042 1132 4471 7684 7685 7686 7687 7688 7689 7690 7698 7704 7705
4326
7683
1934 3396 5812
71 114 129 142 173 207 232 246 271 273 296 317 413 452 455 460 481 496 518 539 567 590 612 617 675 679 686 697 727 785 833 864 943 996 1032 1042 1065 1132 1134 1140 1152 1736 3713 3734 4053 4058 4471 6387 6412 6490 6493 6602 6701 6876 6945 7073 7258 7423 7485 7558 7672 7684 7685 7686 7687 7688 7689 7690 7696 7697 7698 7704 7705 7786 7826 7930 8026 8041
354 3578
607
2341 2574
2628 3550 4461
8 22 1605 2236
183 1271 1308 1772 1831 1935 1972 1977 2055 2196 2318 2384 2618 2641 3041 3320 3592 3993 7513
1677 1694 3428
7683
6754 7256
5859 5879
1231 6509 7658
2688
1231 6509 7658
616 1129 3574 4033 4600 4661 6626 6657 7657
70 143 246 273 405 512 529 716 723 909 1231 1273 2765 3384 3545 3578 3667 3867 6600 6642 6678 6701 6731 7658 7683 7702
1231 7658 7683
85 183 248 301 396 441 633 809 825 1245 1539 1935 2268 7181 7244 7322 7559 7904 7937 7949 8226
5819
1454 2389 6707
3392
6211
2354
1351
49 1609 3114 4995 6491 6509 6707 7374
18 1783 3048
2923 3568
1444 2739
1914 3596 5214 5265 5819 5860 5872 5998 6046 6223 6224 6245
1647 2144 2168 3697 4308 4368 4571 4838 4980 5112 5113 5397 5413 5435 5440 5477 5480 5481 5482 5484 5497 5503 5520 5749 5782 5801 5872 5953 5960 6020 6022 6033 6034 6064 6071 6096 6162 6195 6225 6239 6240 6241 7474 7955
5520 5712
70 1064 3899 4054 4156 4175 5292 6419 6718 6725 6821 6901 6907 6928 6987 7018 7023 7064 7087 7097 7282 7779 7806
204 480 6406 6913 6928 7159 7708 7762 7966 7990 8122 8203
2036
773 1231 2671 5944 6737 7210 7428 7658 7683 8075 8087 8169 8216 8219
310 1231 7658 7683
170 1493 1743 1877 2291 2455 2458 2742 2791 3017 3177 3564 3704
6707 7289
1848 7127 7607
177 205 307 316 410 428 502 915 1271 2825 3037 3631 3992 4486 5210 6049 6050 6290 6565 6591 7746
6075
6572
1820 2395 3987
1781 1877 2970 3422
2293 2865
1469 2095
1673 1778 3038 3410
267 381 622 734 841 893 907 970 973 998 1052 1110 1128 1131 1141 1169 3352 4206 4422 4432 7113 7355 7601 7663 7664 7665 7673 7674 7675 7676
267 1141 4206 7113 7355
1511
2183 2755 2794 3428
1987 1989 3469
594 1128 1231 1757 2149 3001 3928 3984 4153 4353 4472 6509 6514 6515 6516 6729 7658 7675 7676 7683 8267 8337
22 1548 1878 1976 2134 2503 2979 3124 3367 3631 3677 3730 4461
54 6509
49 403 665 1660 3372 3511 6500 7645
49 273 846 4112 4135 6429 6467 7069 7607 8338
3289
1351
325 623 2149 3900 4331 6612 7938
237 4112
1129 1231 6509 7658 7683
6676 7831
1153
7257
88 2048 6509 7257 7497
3019 4374 6928
570 892
4160 7257
94 4160 6509
1231 6509 7658
1231 7658
1877
402 447 880 3866 7158 8312
15
15 53
779 5093 6918 7607
6918
688 6595 8233
1129 5992
235
538 845 1477 1511 1780 3168 3532 4372 5826
4068 4081 4127 6548 7002
4043
2506
6361 6697 7242
1666 2232 2282 3176 3305 5706 5707 6466 6981 7125
101 434 848 980 4128 4171
2970 3623
6509
6509
1231 6509 7658 7683
7963
1429 1664 1877 2558
404
2201
3396
55 1343 4337 6378 6822 7121 7603 7604
6509
1506 2533
2988 3583
3363
390 2628 2909 3091
3326 3574 5037 5187 5188 5805 6248 6249
3326 3574 5037 5187 5188 5805 6248 6249
3326 3574 5037 5187 5188 5805 6248 6249
3235 3326 3396
2975 3571
604 2506
5012
5819
3129 4182 4205 6082 6508 6755 6928 7064 7198 7896 7976 8100
1061 1419 1567 2033 2401 3019 3204 3522 3572 4585 4802 4945 5641 5657 5658 5659 5921 6409 6481 6928 7153 7806 8104 8116 8171 8196
1061 1625 6928 8104
16 260 323 411 528 531 582 620 683 769 772 811 830 872 1031 1035 1150 2229 2258 2846 2932 3048 3056 3409 3928 5311 5550 5793 5794 6218 6667 7516 7605 8359
3740 3972
7539
545 5021
1231 2077 6509 7658
178 188 232 246 256 273 296 306 452 465 506 567 612 666 675 784 1140 1148 1167 1170 2182 2382 3839 4016 4412 4437 4446 4477 6387 6412 6505 6506 6603 6619 6641 6701 6906 7258 7402 7557 7558 7672 7696 7935 8041 8361
3717
183
1603 1661 2171 2342 2734 2792 3019 3214 3809 4099 4220 4805 5294 5696 5737 6928 6935 7283 7437 8103
3384 5030 5039 5978 6191 7289
1755 2104 2722
1271 1401 3375
2761
1486 2071 2409
3428
1129 1231 4140 7473 7658 7683
6626 6657 7657
3733
2325
217 2506
3326
1231 6509 7658
1276 1527 2156 5807
5807
40 1967 3224 7496
1231 6509 6707 7658 7683
8 24 1636 1827 1877 2622 2792 2991 3623 4963 5040 5041 5574 6376
1564 1623 1640 2016 2416 2856 3150 3599 6509 6707
809 1230 2572 5118 7010 7659 7660 7661 7662 7666 7997
6707
7289
325
7178
423 4381
1784 2243 3662 6136 6137
2023 2344
497 1049 7542
445
1128 2487 4444 7242 7675 7676
1315 4979 5786 5909 6127
3906 7044
1532 1839 2723 3037
1403 1877 1904 2071 2082 2142 2163 2198 2273 2308 2395 2474 2830 2852 3235 3387 3627 5819
3618
1402 1686 3199
2688 3045 3559
3714 5301 6249
2507
5538
1715 1935 2572 2604
1487 1556 1592 1699 2418 2428 5910 5987
898 1938 4370
14 28 240 613 1356 2833 3526
1556 2700
3326 3396
3390 3584 6432 7561
3326 3574 5037 5187 5188 5805 6248 6249
49 1892 3153 6501 6707
266 380 416 611 6168 6623 6680
35 6467 7607
866 6542
61 337 6593
1231 2888 6509 6707 7658 7683
2472 3528 3711
675 2382 3877 4027 7975
49 1023 2160 3256
6928
480 1072 4184 4822 4854 6928 7007 7416 7824 8127 8217
1741 2404 2461 5178 6294
455 6707
1231 7658
1231 6509 7658
866 6542
1231 2395 3428 7658
3431 3735 5258 6627
241 407 434 990 1139 1454 2389 4023 4194 6509 6707 6709 7107 7928
2806 2890
159 194 268 355 444 554 662 706 740 957 1004 6378 7147
1445 1556 2087
79 1286 1318 1332 1342 1344 1347 1365 1367 1394 1425 1456 1480 1508 1597 1613 1628 1631 1657 1785 1799 1800 1857 1866 1921 1944 1945 1997 2114 2180 2230 2281 2375 2394 2448 2487 2495 2517 2528 2563 2591 2597 2662 2695 2696 2727 2746 2836 2870 2882 2909 3091 3099 3181 3209 3292 3307 3383 3400 3406 3425 3451 3458 3468 3476 3518 3533 3541 3547 3555 3558 3580 3660 3736 3842 3843 3844 3845 4507 4512 4516 4519 4520 4523 4578 4583 4744 4747 4751 4787 4880 5015 5130 5590 5778 5841 5997 6317 7242 7531 7539
1394 1540 1945 2487 3181 3468 3533
6928
3623
20 86 112 137 151 216 247 252 274 323 361 389 435 461 474 522 659 681 692 703 704 708 732 755 766 786 805 822 879 916 949 964 993 1003 1013 1020 1024 1046 1074 1081 1083 1084 1122 1123 1125 1149 1150 1221 1488 2845 3884 3898 3950 3978 4096 4234 4256 4487 5179 6353 6354 6443 6482 6483 6525 6535 6571 6693 6846 6978 7057 7202 7314 7338 7481 7532 7962 8289
1533
1351 1527 1543 2522 2681 2790 3288 3460
2762
1850
96 2231 2994 3087
2923 5116 5226 6928
5518 6707
64 1265 2801 3428
2506
1754 3302
1351
34 63 1985 2130 2697
1348 2163 2740 7585 7677
1653 1691 2131 2266 2655 2863 3308 3673 4816 4870 4874 4875 4876 4882
49
476 566 824 845 1860 1910 2018 2188 2254 2459 2496 2799 2996 3005 3044 3119 3248 3384 3412 3608 3679 3995 4181 4273 4615 4616 4617 4620 4623 4628 4756 4965 4967 4972 4973 5134 5141 5227 5233 5490 5787 5790 6012 6018 6019 6125 6338 6339 6340 6341 6509 6548 7118 7160 7434 7493 8181
3322 3851 5045 5382 5394 5912 6028 6249
1927 2357 3237
1061 6928
1061 2401 4382 6409 6481 6834 6928
275 480 1398 4025 4315 4815 6393 6406 6409 6480 6928 7007 7308 7807 7816 7957 7966
1492 1872 1877 2706 2968 3437
4057
21 403 1401 1430 1511 1528 1645 1863 2039 2154 2226 2373 2513 2540 2652 2750 2751 2805 2974 3010 3031 3120 3428 3574 3615 6160 6221
7043
2287 4074
3522 4182 4812 5114 6350 7064 7337 7896 8100
971 1274 1335 1934 1961 2510 2700 3034 3268 3326 3396 3561 3623
402
642 2057 3285
93 135 166 213 215 223 242 254 261 264 269 283 286 299 309 332 335 356 368 377 379 385 430 436 483 575 578 595 615 647 652 676 738 762 768 808 839 855 877 884 890 900 948 955 961 964 1034 1035 1039 1046 1047 1104 1105 1106 1146 1151 1229 2488 3872 4202 4427 4433 4475 6348 6407 6479 6488 6520 6525 6567 6589 6636 6643 6651 6681 7071 7504 7528 7652 7889
135 215 223 242 254 264 283 286 299 332 368 436 483 575 595 615 652 676 762 768 808 839 855 884 900 955 964 1034 1039 1046 1047 1146 1151 1229 1259 2488 4427 4433 4475 6407 6479 6488 6520 6525 6636 6643 7071 7504 7528 7652 7889
320
1758 2008 2215 3421
62 465 516 626 656 3888 3913 3917 3932 4217 4246 6453 7625 7626 7627 7628 7629 7630 7631 7632 7633 7634 7635 7636 8085
129 1134 1152 1231 6509 7658 7683
1923 3061
1334 1724 2761 3434
4563
270 273 296 452 485 539 552 833 843 947 1140 2302 2382 3713 3734 4470 6412 6810 7558 7581 7582 7587 7826 7891 8027
1910 2188 3005 3995 4181 5227 5490 5647 5748 5876 5877 5927 6038 6039 6548 7259 7753
21 34 62 65
2292 2929
1847 3140 3569 6840 6988 7252 7365 7937 8276
632 1007 1263 1771 3903 3986 4263 4801 5035 5191 5536 6060 6713 6988 7355
632 1457 1558 1637 1771 1854 1867 1932 2141 2408 2690 3103 3321 3395 3536 4078 4801 5035 5191 5536 5591 5592 5593 5631 5632 5857 6060 6076 6204
35 1487 1965 2337 2385 2876 3314 7430
3326
1861 3216 8259
49 2840
1578
2506 4944
477 720 1612 2024 2025 2058 4132 4378 6141 6188 6584 6703 7396 7644 7888
1129
160 187 305 1099 1101 1102 8077
623 3900 4331 6612
382
248 396 1539 2268
49
3322 3851 5045 5267 5382 5394 5912 6028 6249
1072 1693 4276 4558 4652 4654 5016 5575 5681 6343 6386 6393 6796 6803 6909 6928 6949 6960 7032 7064 7091 7129 7308 7334 7357 7472 7807 7833 7892 7943 8120 8203 8218
20 78 86 108 112 132 137 151 216 247 252 274 283 323 361 389 421 435 461 474 522 681 692 703 708 766 786 805 822 879 916 949 964 970 993 1003 1013 1020 1024 1046 1081 1083 1084 1086 1122 1123 1149 1221 1488 2845 3884 3892 3898 3950 4234 4256 4487 5928 6126 6353 6354 6404 6443 6471 6535 6597 6649 6794 7314 7338 7549 7970
1231 6509 7658 7683
3226 3717
538
1398 1529 2417 3384 4382 5654 6928
2149 4345 6369
6707 7289
35 779 4071 4393 6470 6729 8264
846
1936 3522 3567
1397 2623 2676 3567
6509
845 1231 6548 7658 7683
6707
3680 3683 3694 3814 3822 4859 4897 5022 5820 6593
902
455 1974 2259 2324 2781 3148 3168 3186 6509
3035
1231 7658
1803 2173 4375 5246 5994
1162 6509
1265 1778
1476
107 135 136 137 198 203 204 242 283 288 297 332 350 362 374 406 409 435 438 453 513 523 548 564 576 583 703 735 763 780 781 786 810 955 962 964 986 997 1010 1034 1046 1071 1122 1137 1186 1192 1249 1251 1252 1255 3870 3920 3924 3933 3950 3952 3959 4022 4032 4052 4092 4174 4199 4202 4234 4296 4319 4322 4344 4358 4414 6353 6356 6359 6374 6421 6441 6467 6471 6507 6520 6563 6581 6775 6957 7024 7078 7119 7180 7209 7267 7376 7547 7606 7607 7652 7951 7981 8099 8149 8182 8318
204 406 513 576 763
100 135 223 242 254 261 264 283 295 299 332 356 368 377 385 436 483 575 595 615 676 762 768 801 808 839 855 884 900 955 961 964 1034 1046 1047 1146 1151 1229 3742 3881 4427 4433 6407 6448 6479 6520 6569 6589 6636 6643 6898 6969 7071 7216 7500 7502 7504 7521 7528 7652 7889
135 137 203 204 242 247 249 283 288 323 331 357 374 409 421 439 453 490 494 513 522 548 564 576 599 641 644 692 702 755 763 790 793 838 949 962 1010 1034 1046 1071 1137 1146 1189 1219 1244 1258 2766 3884 3892 3950 3952 4076 4199 4202 4234 4238 4256 4387 4419 4435 6118 6359 6562 6563 6579 6649 6671 6766 7453 7652
6386 6913 6928 6997 8122
1711
243 538 2669 3148 3168 3186 4057 4326
2506
2165
5819
1444 1908 2214 2713 2739 3283
1444 2739 2939
3574 4997
19 665 810 7871
35 470
35 88 242 734 1050 1423 1487 2088 2385 2890 2940 3048 3314 3961 4064 4248 5462 5951 6729 6824 7430 7699
632 3986 4801 5191 5536 5765 6059 6063
632 5857
85 2196
633
1556 2616 3153
2669 3523 3559 6707 7477
1934 3326
49 3048
470 4143
333
1896 3034 6607
24 2205 2260 3350 3599 3981 4083 4920 4940 4960 4969 6054
6626 6657 7657
35 470 1423 1704 1939 2643 3360
6707 7289
455 6509
2422 2506 3525
1748 3059
49 1511 1621 1832 1949 3126 3854 3936 4575 4990 8264
275 480 1061 1072 2033 4315 4372 4374 5611 5921 6406 6481 6548 6577 6768 6803 6832 6928 7007 7416 7463 7737 7966 8171
49 2506
1684 2482 3308 6094
2108 3574
1061 4382 6928 7806
2506
1874 1952 2706 3437 3661 3741 3833 6126
2706
1231 1870 6509 7658 7683
131 163 1231 1975 2058 2118 2135 2143 2440 2441 2803 2971 3211 4298 4752 4883 4978 5307 5403 5660 5929 6477 6779 6797 7106 7565 7658 7683 7942 7992
131 492 888 1077
51 55 70 123 133 344 561 592 639 767 834 837 1436 1460 1471 2149 3789 4056 6434 6578 6676 6712 6918 6928 7156 7320 7493 7517 7603 7604 8006 8112 8170 8264 8352
7344
7289
2874
1007 1612 1855 2688 2732 4496 4517 4577 4750 4755 4758 4760 4849 4888 4908 4909 4910 4940 5642 6040 6791 7671 7893
2195 2497 2676
5548 5822 6295
3156
1462 1899 5755
1462 1899
1756
109 244 404 537 861 867 874 950 967 977 1018 1147 4376 4465 6459 6666 6787 6854 7345 7397 7613 8068
936 2882 3043 3379
3043 3058 3116 3298
3653
2319 5117 5241
5851
5851
1540 1694
3710
2112
1511 3038
3369
3369
2526 3324 5353 5366 5369 5392 5502 5505 5535 5559 5560 5561
1401
2594 2674
5059
1435 5059 6372
2594
963 4110
202 290 330 358 365 431 469 563 588 881 953 975 1022 1101 1239 2642 3939 6344 7710
5393 5848 6182
3531
3522
1671 1682 1726 1923 2671 3038 3056
1671 1682 2671
3797
861
3561 5983 5984
2688
3266 3522 3556
1511 2479 3471 3638
2332 3649
5205
3522
1937 2286 2717 3653
1378 1556 3522
1556 2525 3132
1306
147
1511 1790 3457 3500 6091
3276
2343
6248 6249
3047
3047
853 1556 1592 1823 2923 3625
3318
2193
1877
3574
3048
1408 1919 2476 3149
2618
1511 2165 2403
3171
670 1921 2380 2713
2713
3428
1928 3161
4087
2760
1711 2701
1735 1973 1989
1654 1970 2115 2250 2346 2505 3461 3570 3663
1511 1778 2594
3522
626 1021 1127
550
326 352 425 642 749 782 897 983 2888 3792 4421
425
425 607 6492 7168
607 6492 7168
144 327 459 837 7105
607 6492 7168
327 425 459 837 1089
3309
476 6774
3271
3271
2443 3522 3652
2239 6696
1404
1351
1585 1747 1772 1809 1948 2186 2300 2412 2515 2613 2825 2839 3008 3037 3052 3559 3568 3607 3631 3678 3767 5726
3048
2679 3095 3223
6013
5129 5528
5129 5528
476 6774
476 1030 3946 6774
5819
1556
2582
3396
3326 3396
3396
2945
2181 3592
853 2395 2874 3452 3620 5940 6189 6190
4655
1779 3048
2385
2501 3253
1505 3129 3556
6209
3663
1539 1678 1875 3154
2506
1609
2770 6466
2728 2939
853 2395 5947 5986
5528
2403
2403
3133
1402 2834 3195 3254
2403 3469
1408 2165
2457
1716 6016
2437 3513
2646
1615 1658 2297 2329 2339 2527 2815 2983 3162 3190 3368 3475 3554
1917 2717
315 1570 1863 2761 4289 4912 7326
2 5 146 150 239 440 495 519 724 835 924 1087 1088 1222 1223 2867 2958 3242 3366 3935 4013 4231 4445 4492 7028 7535 7615 7654
1877
3714 5301 6249
3714 5301 6249
5129 5528
1776 3631 3657
1351
1556 2713 3048
1998
1242 2042 2426 2748 2770 3064 3176 6466 7125
3176 5713 6466 6981
187 313 525 776 975 1097 1098 1099 1155 1157 1235 4231 6462 8077
119 154 160 187 235 305 313 776 868 1097 1098 1099 1101 1155 1157 1158 2642 3666 3939 8077
4110
1864 2688 3620
320
2763
1635 1692 2310 3036 3215 4952 4953 4956 5050 5051 5224 5377 5378 6027 6226 6227 6228 6229 6230 6231 6274 6311 6312
2055
1942 2784 3334
160 960 1099 1101 3729 8077
3729
1877
6248
3048
3522
2761
1307 1448 1877 2405 2820 3227 5852 6168 6169
5528
2562 2586 2877 2982
404 6887
660 3173 3522 7569 8273
1667
1877 2650 3197 3631 5815
2506
64 1697 1795 2328 6170
5280
2828
44 1551
660 6787 6854 6887 7397 8068
1101
2594 2669
2845
5763
3438 3566
32
1539 3154 3447
425 607 6492 7168 7250
2220 2245
2056
3404
3326
1356 2651
495
3551
1324 2415
3663 3899
2197
1231 6509 7658 7683
1522
139
139
3326
3326 5805 6249
3326 5805 6249
3326 5805 6249
2761
404 874
3574
6928
1297 2506 2667 3796
3731
1877
1877
5251 5364 6288
4941 5251 5364 6216 6288 6302 7713 7958
2032 2334
2455
2003 2761 2825 5318 5384
3314
2010
3574
3008
3167
2456 2589 2921 3515 3562
243
3005
92 500 667 1033 1796 4080 4988 5393 5562 6086 6374 6380 6928 7090 7228 7378 7403
4059 4255 6378 8209
4059 4255 6378 8209
7010
5779
5779
5779
673 1028 1168 3120 3182 5819 7671
673 1028 1168 3120 3182 5819 6626 6657 7657 7671
673 1028 1168 3120 3182 5819 6626 6657 7657 7671
7964 7965
7141
7713 7964 7965 8093 8106
7044
506
3318 3461
866 4057 4139 7355
1401 1645
2108 3574
2728
170 363 1429 1877 2558 4399 7641 7645
143 246 273 296 371 482 484 485 506 512 520 529 539 567 696 784 806 846 878 941 996 1140 1148 1161 1167 1190 1194 1205 1213 1244 1319 1436 1782 2302 2327 2382 3777 3877 3991 4011 4192 4306 4434 4437 4441 4534 4632 4696 4934 5000 5061 5063 5064 5065 5094 5340 5388 5393 5637 5689 5690 5691 6035 6168 6350 6387 6408 6487 6505 6600 6603 6619 6641 6670 6672 6674 6701 6861 7144 7172 7188 7402 7471 7484 7490 7578 7579 7581 7582 7583 7587 7696 7701 7855 7919 7948 8041 8049 8328
101 333 391 603 643 756 804 1510 3948 4109 4128 7342
2594
3326 3396
62 7863 7867
6509
866 1038 1056 1126 3988 4028 4274 6389 6542 6690 7029 7053 7109 7344 7355 7441 8087 8161 8183 8250
5386
49 3005 3007
4448
4061 7289 7671
2645
2108 3574
87 128 140 145 446 499 828 846 923 940 965 979 1068 2702 3428 3846 4271 4297 6426 6457 7446 7692 8228
4553 5195 5202 5203 5206 5266
35 2639
779 3034 6171
1174 5252 6918 7607
322 498 4093 7767 7804
1384 1822 1998
688 956
275 480 1061 1072 1529 3905 4094 4149 4184 4315 4372 4374 5921 6406 6409 6480 6768 6803 6928 7007 7308 7416 7737 7860 8196 8248
1557 1591 1686 2462 2653 3011 3038 3577
6890
35
1433 1556 5716
4401 6509
101 333 391 603 643 756 2283 3948 4128 7342
165 325 380 1224 2531 2878 3892 3976
165 325 380 1224 1651 2531 2536 2878 3028 3976 5067 5687 7393 7834 8224
1318 1877 2970
2506
1231 6509 7658 7683
6361
3428
1507
6509
773 6509
1351 2766 3057 3429 5230 5360 5368 5414 5516 5723 5724 6118 6192 6214
3318
1006
1061 4702 6509 6707
2149
303
2292
13 49
8 2792
8 1412 1431 1564 1827 1853 1877 1930 1952 1993 2064 2158 2159 2256 2353 2436 2492 2568 2596 2621 2678 2702 2708 2776 2792 2919 3065 3213 3240 3249 3272 3365 3446 3623 3643 3663 3724 3725 3726 3727 4643 4722 5408 5409 5422 5557 5746 5904 6069 6072 7621 7937 8142
1407 1544 2251 2547 2970 3102 3543
76 84 100 110 134 135 166 213 215 221 223 234 242 254 261 264 269 283 286 295 299 309 332 335 350 356 368 377 379 385 409 436 483 524 575 595 615 619 629 647 648 652 653 676 710 738 762 768 770 801 808 839 855 877 884 900 955 961 964 986 1034 1039 1041 1046 1047 1146 1151 1229 1252 1567 2488 3497 3881 3997 4097 4126 4202 4310 4427 4433 4475 5067 6407 6479 6488 6507 6520 6525 6567 6633 6636 6643 6681 7071 7504 7528 7538 7652 7889 8147 8311
3461
480 1061 6409
1353 1567 2105 2688 2915 3019 3384 3522 3623 3631 3781 4807 4892 5161 5624 5761 5818 6262 6264 6265 6266 6928
2311 2506 2725
3574 4997
3574 4997
275 1608 2033 4315 5162 5453 5921 6143 6406 6409 6480 6481 6803 6832 6852 6928 6963 7007 7056 7388 7758 7823 7824 7836 7957 7966 8171
610 795 818 849 3764 3918 3958 3994 4073 4103 4134 4207 4290 4442 5002 5754 6644 6890 6992 7025 7041 7130 7131 7171 7197 7339 7368 7934 8019 8030 8199 8211 8288
109 162 258 263 318 319 340 360 404 537 546 621 627 660 669 800 818 867 874 977 988 990 1014 1018 1273 3173 3670 3805 3895 3958 3963 3974 3994 4117 4173 4208 4218 4257 4290 4291 4309 4310 6459 6700 6921 6998 7140 7214 7252 7339 8163 8198
1351
1844 2761 3304
1319 2452 2761 3991 6707
2143 5929
1794 2680 5027
29 38 45 60 741 885 1173 1808 2754 3416 3639 3848 3927 4026 4219 4305 5167 6296 6729 7699
88 142 143 173 413 460 518 686 727 816 864 943 1065 1132 1273 2213 3578 4448 4474 4501 5393 7495 7697 7882 8333
89
2379 3461 3556
13 15 5136
419 3746 5240 5248 5252 5254
75 237 383 512 726 812 827 1027 1203 1848 2765 2875 3638 5000 5019 5093 5393 6411 7454 7546 7882 7933 8046 8124
3971
1819
10 49 1859 2761 3466
4265 4392 6719 7022 7759
880
5954
2646 4445 6918 7098
2301 6833
1437
3222
49 2395 2957 3331
1903 2231 2472 3335 3528 3548 3621 3640 3711
2171 2792 4099 4114 4782 5696 6476 6761 6922 6928 7283 7437 7839 7906 8040 8210
3428
8 20 94 196 1488 1735 2239 3083 3272 3420 4247
3338
165 773 2890
1709 2558 6638
11
866 6542
62 570 892 1341 1912 2735 3353
570 892
292 1411 2923
49 540 654 844 2439 3158 3663 7645
40 7496
455 3196 6493
177 205 307 404 410 502 913 915 1271 1747 1757 1772 1809 2186 2300 2412 2515 2613 2669 2825 2839 2939 3008 3035 3037 3052 3568 3607 3631 3678 3767 3992 4209 5210 5797 7392
2207 2305 2648 3051 6800
1633 2379 2481 2934 3171 5209 5629 5819
1466 2225 3491
1877 2051 3225
40 7496
3194 3422
1129
1838 2506
1153 1645 3428
1262 1772 2128 2465 3592 4536 4537 5079 5080
6509
69 364 387 408 448 477 543 572 636 715 720 820 904 991 1007 1108 1113 1586 2988 3440 4378 6371 6609 6793 7270 7396 7488 7507 7655 7671 7929
654 1351
6638
4157
5959 7771
5819
1061 1298 1419 1449 1472 1482 1487 1514 1529 1711 1842 1918 2033 2194 2309 2401 2446 2468 2477 2567 2610 2629 2635 2813 2866 2897 2965 3060 3122 3269 3428 3601 3800 3809 4194 4382 4546 4547 4983 5292 5572 5641 5654 5655 5656 5785 5921 6029 6036 6131 6409 6481 6685 6804 6825 6851 6928 8171 8202
1789 2164 3272
3018
2518
1325 2322 2335 2894 3018
2942
3268 3326
4647 4772 5379
2108 3574
2825 3037
2641
8 37
3272
3428
1773 2416
870 1148 7306
1829 1856
1759 1877
2145 3461
6707
62 721 836 866 1273 2048 3522 3623 4259 6363 6542 6575 6751 7406 7760 7907
6361
2001 7963
101 333 391 603 643 756 804 1774 1947 2177 2617 2764 4067 4128 4688 4942 7342
267 907 1141 4206 7113 7355
1609 2573 3461 5929 6818
1231 6509 7658
1231 7658
1877 2557 3495
3038
19 63 1075
6626 6657 7657
1556 2524 2809 3026
694 1511 1617 1761 1776 1788 2242 2284 2669 3631 3657 3834
4859 4897 5820
6707
6707
6707
7295 7811 8118
2556 5819
3226 3717
96 944 1088
1320 1408 2165 2911
203 247 254 435 703 708 732 766 786 805 822 879 916 1081 1149 1221 2171 3884 3898 4033 4039 4216 4256 6353 6354 6404 6965 7364 7524 7527 7543 7548 7549 7761 8010
1351 1484
3748
10 49
49 922 1203 7684 7685 7686 7687 7688 7689 7690
49 1203 1212 1436 1721 1830 2302 2761 5000 7587 7645
1877
7328 8006
3653
1460 2167 5341 5500 5915 5916 5917 6318
2219 2507
50 4000
196 1780 3168 4057 7091
2506
6707
2469 3020
979
168 276 491 560 718 1380 1983 2020 3337 3780 3957 4254 4360 4498 5047 5052 5053 5068 5396 5454 5486 5775 6702
1351 1484
170 595
267 1141 4206 7113 7355
73 135 137 155 182 203 215 242 251 265 268 283 284 288 295 308 324 332 350 362 374 379 406 409 421 432 453 472 484 517 533 544 548 564 565 576 583 625 641 648 673 690 692 710 745 755 761 762 793 810 857 860 878 884 914 964 986 995 997 1010 1031 1034 1041 1043 1046 1047 1060 1071 1084 1123 1124 1137 1146 1164 1185 1208 1219 1249 1252 1255 1256 1257 1258 3688 3866 3880 3882 3894 3924 3925 3941 3950 4022 4126 4161 4174 4183 4196 4199 4234 4238 4268 4310 4322 4332 4385 4435 4484 6359 6421 6445 6495 6507 6527 6538 6549 6550 6551 6579 6635 6648 6664 6889 6957 6972 7027 7095 7180 7198 7233 7294 7421 7435 7522 7534 7652 7738 7921 7972 8148 8182 8249 8298 8356
1666 3038 3481
2646
1880 2761 6509
210 1522 1627 1832 1931 1980 2331 2395 2483 2769 3025 3295 3441 3838 4124
6928
13 1338 2165 5259 5320 5322 6432 6509 6646 6707 6970
1511
476 1648 1910 2330 2969 3005 6038 6039 6509
3019
6707
5959
963 3939
49 414 463 870 1357 2947 6308 6612 6640 6644 8135
487
2688
1351 1484 1796
1814
341
2743 3415 5688
35 632 837 1007 1231 1516 1771 2938 4078 4773 4801 4896 4933 5191 5536 6060 6729 7355 7658 7683
2108 3574
6509
80 126 130 159 176 189 195 230 242 250 272 279 293 300 336 339 347 409 462 601 638 678 689 729 788 847 921 966 971 985 1008 1015 1111 1115 1116 1117 1118 1119 1174 1191 1195 1215 1233 2001 4122 4188 4329 5393 6691 6838 7092 7170 7238 8186
21
1294 1821 3038 5702 5703 5704 5705 5709
42 310 2600 6467 6752 7350 7607
2252 2374 2506 2575 2817 3032 3342 5585 7995
1231 7658
3322 3851 5045 5267 5382 5394 5912 6028 6249
2065 2761
3280
2325
275 4167 4656 4657 6121 6397 6406 6417 6753 6928 7361 7717 7737 7816 7863 7867 7979
1971 2103 2391 2554 2744 3251 3462 4584 4999 5123 5145 5949 6316
3428 3787 4503 4581 4792 4813 4836 4919
3034 3079 3390 7640
23 34 4461
35 49 467 1305 1436 1564 1575 1576 1646 1676 1880 1992 2152 2248 2379 2761 3428 4031 4037 4248 4685 4687 4719 4749 4795 4841 5000 5090 5137 5602 5603 5686 5700 6025 6324 7270 7495 7873 7933 8109
797 5642
2556 5819
1231 7066 7658 7683
3461
1299 3611
1391 6009
1391 3055
33 2140 2392 2796 2939 3048
2707 2855
50 96 4000 4212 7063 7221 7901
3956
49
2211 2222 3485 3738 6055
400
1231 1715 1850 2035 2066 2289 2467 2788 3259 3461 3498 3641 6509 7658 7683
506 831 3675 4112 6828 8124
330 1381 1450 1680 1988 2041 2642 2753 3054 3071 3141 3480 3594
61 153 1497 1887 1891 2088 2506 2895 3279 3519 5031 6467
1877 1924 6638
6167
837 933 949 2455 3983 4025 4057 4151 4164 4326 7346 7766
2761 3559
3743
6509
1690
6509
1463 1771 3019 3563 4938 5191 5772 8168
1231 6707 7658
1809 3002 3038 3129
2108 3574
3435
1436 2149 6062
208 577 717 1247 1248 3975 7340 7887
6361
49 61 880 902 2149 2506 2825 3384 3411 4987 5783 5816 6298 8310
1470 1839 2739 3037 5012 5840
2594
1334 2761
2970 3543 7038 7328 8006
1771
1460 3257
3153
1885 1989 2325 3318 3599
1311 2149 2710 2837 3384 3573 6729 7035 7699
1580 1913 2026 2761 3191
6337
49 2428 2506
24 994
634 898 1934 3396 4370 5812 6492
480 1072 2033 4315 4372 4374 5611 5654 5921 6406 6409 6480 6481 6768 6803 6825 6832 6928 7007 7308 7737 7748 7860 8171
3575
1326
1786
4396
2506 2594 2761
1728 2739 2796 3016 3322 3754 3755 3756 3757 4989 5005 5024 5264
1234
43 1231 1741 3632 6824 6874 7658 7683
654 4303
1511 2761 5338
949 2970 3543 4221 7328 7735
6928
2526
4206 7396
2506
1540 3171 5078
4242
949 4306
1297 1360 1421
1591 2261 3027 3402
6607
550 2594
1564 1928 1929 2106 2856 3048 7671
8 21 34 43 101 3450 6509
3353
36 55 3572 3970 4374 4398 4490 6378 6773 7121 7153 7420 7603 7604
5779
2319
7190
949 7167
1904 3326
2384
259 350 964
5299
5299
1728
49
1283 1317 1530 3181 5026 5029 5298 5370 5510 5715 5955 6132 6133 6251 6252
40 7496
49
2579
5299
2325
1490 1509 1696 1961 2070 2696 3284 3623 3631 3776 4618 4635 4763 4780 4856 4886 5098 5216 5467 5468 5469 5470 5471 5472 5473 5489 5556 5599 5600 5601 5672 5675 5710 5711 5743 5744 5745 5757 5819 6134 6135 6310 6378 6928
3861 8259
4396
3384
12 1488 3001 5758 7413
8 14 28 34
240 6974 8275
75 214 291 383 436 514 595 601 729 803 1053 1073 4063 4139 4179 5343 6451 6806 6993 7054 7203 8035
64 1877 2688 6607
23
6707 8315
2246
1777 2395 2901 3742 5819
1416 3575 7385
391
275 1072 3915 3983 4149 4151 4184 4315 4372 4390 4936 5294 5611 6406 6480 6481 6548 6734 6768 6803 6832 6928 7824 7957
7289
1339 1409 1487 1569 1620 1775 1907 1922 2073 2076 2078 2102 2111 2209 2241 2365 2466 2512 2640 2780 2838 2923 2931 2966 3187 3202 3277 3323 3374 3439 3626 3852 4281 4351 4497 4550 4786 4790 4850 4913 4937 4943 4946 5119 5282 5342 5351 5604 5605 5742 5952 5976 6117 6156 6157 6335 6518 6625 7461 7671 7937 8351
3461
135 137 176 242 247 283 331 357 374 439 453 490 522 564 576 583 641 644 755 763 790 838 949 1010 1034 1046 1071 1137 1146 1219 3884 3892 3950 4022 4065 4076 4199 4202 4234 4238 4256 4419 6118 6431 6562 6671 6677 7453 7652
1242
35
417 4020
2357 2816
246 414 939 1026 6603
242 306 729 1215
272 300 1015 1215 2001 6691 6838 7092 7170 8186
3192
94 663 699 5562
2579 3151 3265
6509 6707
135 137 242 247 283 357 374 439 453 548 564 583 641 644 754 755 763 949 1010 1034 1046 1071 1137 1146 1219 3884 3892 3950 4065 4076 4199 4202 4234 4238 4256 4419 4438 4463 6118 6359 6373 6431 6507 6534 6562 6671 6677 6766 6954 7004 7180 7354 7453 7510 7652 8097
2332 3285
175 1077
2506
19 2059 3328
2842
1694 6003 6209
4112 6828 8326
5959
8 11 4407
532 5268 7426
729 949 4041
4397
1564 1877 3522 4259
49
1611
3614
2802
35
2506
210 5599 6928
2650 3177
1429 1664 1877
2638
2068
458 2080 4327
166 167 332 1231 7658 7683
3318
5182 6928
25 101 190 287 333 391 597 603 756 1138 1173 2182 3003 3390 3655 4158 5192 5476 5665 5981 6165
458 1129 2882 4037
2510 2604
1231 6509 7658 7683
1231 7658 7683
3486
639 692 1153 1411 4005 4127 4243 4415 6358 6938 6955 7452 7797 7924 8164 8300
4415
1287
3574
2256
1686
1451 1743 1877 2169 2455 2458 2615 2650 3537
2181 2762 6596
1836
1265 1511 1539 1622 1816 2511 3154 3221 3368 3492 3663 6707 7671
91
3522
8 26
6989
1573 3736 3820 4621
1638 1898 2247 2314 4511 4603 4607 4782 4793 4820 4855 5111 5169 5170 5174 5175 5197 5317 5465 5773 5777 5808 5809 5821 5829 5835 5871 5892 5936 6037 6095 6138 6253
2204
3902
4285 8079 8112
76 84 93 100 135 166 213 215 223 242 254 261 264 283 286 299 309 332 335 350 368 374 377 385 436 462 483 575 595 615 647 652 676 762 768 808 839 855 877 884 900 955 964 1034 1035 1039 1046 1047 1105 1106 1146 1151 1229 1259 2488 3497 3881 4202 4427 4433 4475 6407 6479 6488 6520 6525 6567 6589 6636 6643 6651 7071 7504 7528 7538 7552 7652 7889 8302 8357
1948 3318 3461
7608 7609
1511
5060
2253 2506 2779 3403
1248
79 6084 6400
2189 2301
104 219 322 585 942 4034 8235
2108 3574
117 501 912 1712 3145 3788 4631 5125 6383 6697
8 56 81 793 7330
1231 7658 7683
4190
1129 6707
2362 3745 3846 5950
6470 7607
3539 7913
109 244 404 537 861 874 950 967 977 1018 1147 4376 4465 6459 6666 6787 6854 7345 7397 7613 8068
49 540 654 844 852 1654 3024 3158 3663 3899 4303 7251 7498
1231 7658 7683
1794
2594 3048 4716 5517
3221
35
4018 4995
1309 6616
6707
6707 8304
1556 3559
82 600 628 648 740 856 982 1055 1178 1189 1219 1260 2506 3217 3864 3865 3866 3871 3887 5151 5272 5529 6213 6525 6563 6564 7236 7269 7525 7564 7767 8036 8282
5819 6282
3428
351 745
4217 7336 7632 7634
4405 6946 7459
6388 6815 6914 6932 7123 7248 7715 7853 8012
566 6720
8 26 37 52 1626 3272 5662
343 359 898 2347 4204 4388 6467 6580 6770 6775 7455 7518 7586 7607 7711 8090
92 163 509 649 667 1154 2507 7403 8332
1351
1941
3716
49 212
6928
135 137 215 233 242 274 283 350 374 379 409 453 484 533 564 583 644 648 690 710 810 857 997 1010 1034 1043 1046 1047 1071 1146 1244 1249 1255 1256 1257 1258 3950 4022 4183 4234 6579 6635 6972 7027 7068 7383 7652 8148
7798
618 1017 4454 6578 6682 6683 6704 7034 7099 7333 7438
1130 6467 7607
1477 1608 1968 6406 6409 6480 6481 6832 6852 6928 7007 7220 7388 7433 7823 7836 7957 7966
92 1029 3838 6486
6718
2506 2761
2502
3322 6248
135 137 155 203 215 242 268 283 284 288 350 362 409 453 564 710 810 997 1010 1034 1043 1046 1071 1146 3933 3950 4022 4234 4332 6421 6579 6635 6957 7180 7652 8182
135 137 215 242 283 350 453 564 644 810 857 997 1010 1034 1043 1046 1146 1258 3950 4022 6635 7652
4040
12 206 366 1650 1848 2661 3127 3865 5102 5651 6705 7741
3461 6644 6988 7208 7556
685 4396 6372
9 91
5819
1351
2107 3437 3454
4624 4625 5595 5996
502 1758 2008 2829 3421 7319
1821 2865 3038
21
1686 2208
1308 2918 3559
2258
16 260 323 356 411 528 531 582 620 648 683 700 729 772 803 811 830 872 935 1009 1053 1144 1394 1705 1749 1849 1895 2121 2240 2258 2386 2619 2672 2682 2988 3048 3220 3297 3654 3700 3701 3702 3703 3896 3901 3928 3941 4352 5190 5325 5375 5459 5762 5938 6179 6440 6684 7344 7447 7518 7522 7541 7605 8036 8359
6928
3301 3384
2201
35
1948 6207
3461
4303
6409 6480 6852 7007 7823 7836 7842 8028 8129
1807 4396
3892 4235 4396 6372 6706 7810
1733 2561 6816
8 37
2506 2761
4372 6143 6409 6480 6481 6577 6832 6842 6852 6928 7007 7220 7388 7823 7836 7957
6207
6509 6707
1511 2122 2475 2498 2677 2819 2831 3574 3732 5297 5493 5776 5789 5806 5839
2506
6626 6657 7553 7657
1961 6928
3322 3851 5045 5382 5394 5912 6028 6249
13 20 122 159 194 311 427 554 622 662 706 740 764 841 957 1004 1388 1754 2601 2606 3081 3257 3746 4480 4706 5386 6334 6378 6517 6606 6729 7639 7667
2738
1231 7066 7658 7683
814 1485 2108
3682 3719
1 4
632 1771 1833 2345 2559 2892 2903 3103 4630 4801 5042 5191 5336 5391 5511 5536 5630 5982 6048
1498 1525 1561 1893 3048 3339 3455
1786 1983 3337
1995
2395 5614 5619 5819 6279 6284
5859 5878 5879
260 328 447 505 738 994 1181 1236 1700 2108 2425 2970 3610 3847 3876 4317 5436 5813 6176 7414 7612
1556 2845
46 51 123 133 199 210 231 334 338 342 372 420 437 450 467 561 562 597 631 634 639 655 657 664 698 707 764 767 773 789 813 829 834 866 1079 1142 1143 1145 1160 1172 1237 1426 1471 1599 1655 1730 1782 1877 2149 2202 2928 2999 3000 3003 3024 3650 3655 3863 3869 4045 4413 4443 4452 4483 5116 5586 5588 5589 6358 6432 6438 6467 6485 6541 6542 6543 6544 6545 6578 6580 6585 6620 6621 6623 6639 6652 6729 6944 7009 7115 7162 7505 7511 7519 7550 7607 7639 8024 8139 8264 8352
2120 2688
1551
6509 6707
434
2024
20 740 764 2606 3081 3257 3746 4480 4706 5386 6378 6729 7639 8208
63 3559
616
2618
1877
3522 6607
49 1297 2794 2864 2937
8
42 1420 3636
37 118 306 339 436 601 729 847 971 999 1044 1231 1523 3143 4455 4456 6467 6509 6691 7607 7658 7683 7971
37 306 339 729 1523 4455 4456 6691 7971
2541 3007
3572 7153 7905
1873 3782 6394 6405 6750 6781 6813 6928 7012 7189 7739 7784 7795 7819 7927 7966 8016 8031 8114 8187 8307
4646 4724 4783 6238 8082
491 946
2566 2612 3014 6509
3326 6509 6707
3980 6509 6818
1446 2716 3522
55
447 889
1877
3522
3574
1877
1877
1271 2508 2548 2583 2618 2927 3073 3522
131 316 492 826 888 1077 3967 4050 4313 7404
3838
1300 2628 3048 3216 5310 7526 7818
73 82 84 116 124 134 171 174 199 204 225 283 297 328 332 349 383 406 409 443 565 576 672 692 738 754 762 765 810 918 919 927 955 962 964 968 981 984 986 1031 1050 1123 1178 1182 1198 1218 1219 1220 3866 3874 3878 3925 3929 4105 4133 4161 4199 4205 4227 4281 4425 4426 4428 4447 6420 6471 6520 6525 6526 6551 6795 7089 7135 7577 7712 7885 8099
184 568 7559
306 339 1215 8113
2646
320 5131 5200 6184
5676 5677 5678 5739 5740 5741 5896 5897 5898 5899 5900
5528
187 292 608 1098 1099 1101 3666 7754 8077
2506
2367 2390
8 34 52 628
19 1461 1877 2843 3131 3157 6638
2108 3574
2108 3574
632 3464
773 980 6753 6773 6923 7109
2618 3592
6470 7607
2646 2767
424 4261 4301 4325 4364 6425 7813 8240
1017 2423
1605 1686
64 3382
2993
639 3860 6467 7607
1467 1567 1603 1638 1661 1729 1806 1898 2007 2063 2099 2171 2247 2299 2314 2342 2352 2361 2397 2636 2687 2734 2787 2792 2858 2925 2985 3038 3207 3214 3287 3359 3442 3530 3619 3695 3744 3747 3809 4099 4164 4220 4511 4551 4603 4607 4634 4641 4681 4710 4721 4782 4793 4805 4819 4820 4833 4855 4862 4871 5073 5111 5132 5140 5143 5166 5168 5169 5170 5174 5175 5176 5197 5228 5237 5243 5249 5253 5294 5314 5315 5316 5317 5352 5371 5372 5374 5380 5406 5407 5465 5501 5546 5587 5668 5696 5718 5719 5720 5721 5722 5727 5728 5729 5730 5731 5732 5733 5734 5735 5736 5737 5773 5777 5808 5809 5821 5829 5834 5835 5871 5892 5894 5936 6017 6037 6095 6099 6100 6101 6102 6103 6104 6105 6106 6107 6138 6233 6237 6253 6321 6935 7283 7437 7903 7906 8044 8104 8210
3048
158 204 283 309 373 449 599 616 641 700 757 768 796 884 955 1046 4035 4234 6351 6352 6525 7377 7544
829 866 6432 7249 8345
145 866 6432 6877 6999 7249 7918 8119 8345
1577
2848
5906
6401 7491
62
102 137 182 204 227 247 265 331 332 406 439 454 483 516 522 548 557 573 644 739 755 763 949 955 974 997 1010 1146 1189 3892 4076 4196 4202 4228 4238 4256 4307 4363 4419 4431 6431 6507 6534 6536 6537 6671 7046 7534 7972
424 773 3751 3919 4043 4223 4261 4301 4325 4364 4391 4410 6425 6953 7213 7813
84 527 856 1031 3226 4051 4130 4393 4440 6460 6583 6891 6991 7151 7157 7234 7415 7611 8314
99 1777 4252 6519 6699
6452 6830 6948
3200
2970 6509
7847 8339
3152 3316
2890
3384 5030 5039 5978 6191 6707
1231 7658 7683
3012 3067 3189 5158 5220 5222 5452 5491 5788 6175 6306 6309 6928 7876
1399 1452 1602 1672 1731 2822 2851 2944 3544 3606 6559 7008 7055 8231
6084
6084
6084 7289
6084
824
2054
1351 3623
773 4166 4359 7375 7915
2939
5348
1309
1877
1564 2256 2275 2301 3623
1663 2057 2550 3242 3336 3698
571 758 854 913 1067 4113 6873 6988 7102 8029
2998
2972
1444 1935
2017
1917
1609 2438
49 922
2506 3233
673 6509
1877
2688 2706 3575
2713
1674 3403
48
53
2705 2912
6258
1329 3206 3318
1837 2879 3206 3318 3449 4633 4718 4824 4852 4853 4889 5057 5204 5633 5864 5865 5969 6052 6144 6145 6146 6147 6148 6258 6263 6267 6692
4084 4142 4146 4269 4341 4889 5215 6391 6427 6450 6498 6524 6586 6790 6817 6835 6849 6896 6902 6939 6943 6947 6951 7042 7075 7300 7332 7440 7465 7572 7742 7837 7838 7856 7861 7936 7950 7969
654 4303
2300 3326 3574
2300 3326 3574
1877 3017
1418
1586
8331
1665 2174
1326
109 1097 1231 6509 7658 7683
1551
73 82 600 628 740 856 945 982 1055 1088 1126 1178 1189 1219 1260 1642 1737 1984 2095 2506 2841 3115 3326 3403 3456 3753 3824 3864 3865 3866 3871 4403 5151 5152 5386 5684 5771 6051 6085 6213 6487 6525 6564 6647 7236 7269 7520 7767 8036 8086 8282
7289
467 980 2171 3692 4220 7576 7870
6928 8205
891 1066 1464 1562 2599 2922 3597 3671 3672 3912 4172 4191 4226 4283 4544 4598 4650 4651 4672 4678 4723 4728 4737 4748 4791 4810 4835 4846 4890 4921 4976 5004 5055 5105 5121 5296 5395 5443 5464 5626 5646 5653 5759 5961 6005 6021 6073 6098 6153 6232 6297 6398 6756 6892 6916 7142 7146 7254 7763 7879 8017
2557
1917 1963
6707
1540
3958 8295
1551 1834 2684
888 2055 4077
2760
880 6509 6626 6657 7657
163 509 667 798 903 1090 1275 1385 1521 2880 3077 3327 4006 4021 4333 4459 4509 5562 5882 6357 6716 6735 6829 7000 7124 7211 7436 7944 7980
6707
6626 6657 7657
1728 2739
423 4381
3583
3583
6205
4337 5661
6400
6400
6084
6084
6084
79 6084 6400 6618
35 1939 2639 3772
107 135 137 198 203 204 242 283 438 453 523 548 564 576 583 748 763 780 781 819 997 1010 1034 1046 1071 1137 1180 1186 1192 3952 4365 6374 6984 7078 7523 7652
107 135 136 137 198 203 204 242 283 409 435 453 484 523 548 564 735 748 763 780 781 786 819 997 1010 1034 1046 1122 1137 3920 4202 4234 6350 6353 6374 6471 7376 7523 7652 8179
135 136 137 198 203 204 215 242 249 283 284 295 309 332 350 374 406 409 421 438 453 466 484 513 533 548 564 565 576 583 599 625 648 683 710 754 761 762 894 955 962 964 986 997 1010 1034 1046 1047 1050 1071 1137 1146 1178 1180 1182 1186 1188 1192 1193 1201 1204 1249 1252 1255 1257 1258 3468 3688 3870 3880 3933 3950 4030 4076 4174 4183 4196 4199 4202 4234 4238 4268 4319 4347 6213 6356 6359 6374 6421 6422 6441 6467 6507 6520 6527 6528 6529 6549 6551 6579 6984 7015 7019 7027 7175 7217 7287 7458 7464 7523 7534 7580 7584 7606 7607 7652 8037 8081 8182 8297 8323
1839 2604
1591
75
49
84 135 136 137 203 204 215 242 249 283 295 309 332 345 350 374 406 409 438 453 484 513 548 564 576 583 625 648 710 754 762 894 955 962 964 986 997 1001 1010 1034 1046 1050 1071 1137 1146 1182 1204 3908 3920 3950 3952 4030 4076 4174 4196 4199 4202 4234 4238 4319 4347 4373 6374 6441 6444 6525 6527 6528 6962 6984 6985 7015 7019 7080 7260 7287 7376 7523 7580 7606 7652 7972 8081
6757
7010
306 456 661 729 1215 4439 7170
1215 8113
980 1661 1961 2171 3019 3478 3499 3572 4220 4398 4541 4667 4914 5404 5410 5515 6082 6089 7153 7576 7870 8301
1707
135 136 198 203 242 283 781 1034 1046 6984 7523 7652
1762 2506 2768 3450
6626 6657 7657
101 190 287 333 391 603 643 756 1138 1510 2182 3003 4736 5539 5770
1414 1593 1925 2060 2442 2633 2800 3021 3205 3345 3401 3642 4669 5092 5120 5199 5328 5854 5855 6080 6081 6083
5836
5836
1882 5088 6319
49 1836 2761 3048 3734 4649 4674 4705 4712 4958 4964 5250 5255 5479 5863 5866 6323 7542 7752 7937
2506
616 1129 1231 6509 7658 7683
491
1767 4528
1120 2826 7668 7669 7670
92 163 238 421 500 509 536 649 667 1090 1154 1796 3890 3968 4233 4389 5562 6322 6571 6776 6841 7033 7083 7161 7228 7286 7394 7403 7646 8013 8032 8215 8303 8330
85 92 163 500 667 1678 1796 4152 5393 5562 6086 6322 7228 7403 8215
1061 3522 6406 6928
6928
6928
3522 6928 7355 7576
946
3909 4312 6740 7952 8314
384 1231 7658 7683
6928
3574
2032 2334
6509
1757 6492
4100
879 2195
773 837 3911 4044 5354 5365 5526 7299
18 47 240 310 923 1303 1410 1422 1559 1581 1596 1600 1624 1685 1734 1756 1832 1841 2050 2312 2366 2379 2434 2464 2503 2634 2658 2960 3130 3135 3171 3179 3218 3389 3635 3656 4015 4658 4894 5033 5620 5621 6558 6811 7313 7671 8264
47 683 1031 1410 1511 1559 1581 1596 1624 1687 1734 1841 2096 2166 2377 2503 2506 2594 2634 2752 2761 2960 2963 3113 3389 4659 5048 5620 5621 6561 7671 8264
3655
3143 3623
5396
980
3782 6394 6405 6781 6813 6928 7784 7795 8016 8102 8307
1540
1231 6509 7658
1405
2285
603
3658
49
5819
3793
6207
6207
1877 3340
7756
662 1934 6372 6595
3379 5601
1389
49
3048 6509
32 49 1621 2594 2761 3483 3496
816 2882 4055
601 999
2030 2311 2428 3300
316 2717 2739 2926 3556
6509
1231 6509 7658 7683
1982 4567
2594
3696 4663 4877 4907 4915 5946 6767 6928
1934
1487 2669 2923
6 63 1625 5763
3977 4361 6994 7947
1714 1957 2431
2431
3 479 709 4138 4232 4407 6465 6763 7261 7703 7772 8060
49 3936
21 4087
6928 7003 7141 7846 8340
737 2001 6379 6380 8094
75 729
77 121 279 281 348 412 489 536 542 645 671 682 728 989 1008 1015 1025 1206 1211 1215 1226 1227 1232 4342 4369 7148 7207 7271 7727
84 92 163 421 500 509 649 667 817 1033 1090 1154 1796 3955 4330 4336 5393 5562 6086 6322 6467 6776 7163 7228 7275 7321 7403 7476 7480 8011 8061 8073
6757
68 161 532 640 711 791 848 1109 1112 1114 4462 6364 6574 7031 7213 7571
3 1078 6465 6814 6881 7082 7261 7575
13 2165 3649 8046
6626 6657 7657
35
1511
1832 1875 3318
17 18 22
49 6500
49
4406 6496 7596 7923
4406 4478 6496 7573 7596 7923 7967 8059
3153
1328 1383 1429 1483 1664 1877 1886 1950 2119 2551 2650 3017
75 345 383 729 905 1036 5343 6451
107 136 198 203 523 548 780 781 4199 6762 7523
1 4 7 521 1148 4101 4339 4424 4473 4476 4494 6701 6836 6865 6911 7235 7317 8189
1076
4323
3118
3118
603
3322 3739 3847 6248 6568
3033
2193
1488
2193
866 1231 3584 6542 7658 7683
6928
12
414 939 1026
2890 3058
3396
29
1998
4468
131 316 492 826 3967 4018 4050 4055 4313 6885 7224 7390 7404
6496 7596
6626 6657 7553 7657
2738 2861 3048 3856
2688
1556 1990
4270 6413 6455 6744 6820 7049 7295 7401 7811 7883
130 189 195 250 272 279 293 336 462 638 689 729 1008 1015 1115 1116 1117 1118 1119 1191 1195 1215 2001 6848
67 73 82 84 106 134 171 174 199 204 225 283 328 332 345 349 383 406 409 438 443 513 516 565 576 648 692 738 754 765 810 918 919 927 955 962 964 968 986 1001 1046 1050 1178 1182 1189 1198 1210 1219 3866 3871 3874 3894 3925 3929 4052 4133 4161 4183 4199 4205 4227 4414 4425 4426 4447 6374 6420 6471 6520 6526 6528 6529 6551 6581 7089 7808 7885 8321
1444 1564 2688 2739 2785
2178 2558
62 980 1273 1446 2149 3019 3572 4054 4337 4398 5217 5218 5675 6134 6714 6769 7039 7153 7334 7790 7896 7905
5427 5472 5556 5675 7039
4155
3322 3802 3851 5045 5382 5394 5912 6028 6249
49
10 428 502 1313 1539 1816 2745 3250
6509
6509
6509 7289
6509
1961
1881
729
2516
2298 2761
3461
1694 3243 6509
2403
1890 2350
3318
280 3893 3904 4314 7093 7288 7514
74 280 3893 7116
8281
3944 4482 6746
4343 7410 7776
6757
75 214 345 383 688 729 745 905 968 1036 1073 4119 4300 5343 6451 7821
2539 7183 7961
49 63
1485 1722
4986
25 51 3892 4240
3428 3559
3396
4406 6496 7596 7923
229 2262 7671
2970 2988 3194 3609
1738 2590 2730 2749 3236 3523
4155
8 43 1835 3142 3385
1639 2795
1459 1921 2380 3349 3584
24 62
353
1758 2325 2738 3129 3522
1683 1845 2012 2584 2995 3015 3098 3109 3326 3396 6032
5300
779 7098
2723 3760
310 840 6424 6561 6576 7491
3272
2890
62 951 3888 4211 6381 7098
2696
3428
6934
5683
1377 6928 7926
2469
2751
8 10 37 870 1616 2221 2239
8 10 37 6707
130 189 195 250 272 279 293 300 336 462 638 689 729 1008 1015 1115 1116 1117 1118 1119 1191 1195 1215 2001 3931 4366 7037 7598 7599
1583 2935 3381 4284 5135 5843 5844 5845 5846 7246
7289
135 136 137 198 204 242 283 309 332 350 374 409 453 583 599 754 762 781 810 1010 1034 1046 1071 1180 3950 3952 4199 4234 4268 6359 6374 6441 6471 6507 6551 6648 6984 7597 7652 8182
343 359 2347 4225 6467 6775 6863 7586 7607 7618 7794 8071 8131
6605
181 304 618 736 747 759 903 1606 6540 6682 7333 7817 8022
4300 7194 7231 7391 8279
1815 2009 2046 2487 2489 2904 3294 3501
1625 2043
3574
3574
740 1004 2704 6378
740
3124
7831
8251
18 47 133 837 923 1042 1303 1424 1559 1596 1734 1756 1841 1943 2096 2464 2503 2634 2688 2752 3130 3163 3526 3635 4015 4037 4104 4543 4576 4659 4660 4664 4665 4668 4686 4954 4966 5033 5034 5048 5804 6304 6358 6558 6654 6729 7050 7265 7266 7704 8264
7924 7925
2716
5819
1877
2091 2761 3107 3430
2506
4406 4478 6496 7596 7923
102 135 137 182 204 215 227 242 247 265 283 295 323 324 331 332 350 374 406 409 421 439 454 472 483 513 516 522 533 548 551 557 573 576 583 599 625 641 644 673 692 702 710 739 755 763 790 949 955 962 974 997 1010 1046 1060 1071 1084 1123 1146 1189 1220 1249 1256 1258 3892 3950 3952 4076 4174 4196 4202 4228 4234 4238 4256 4363 4419 4430 4431 4435 6431 6507 6534 6560 6671 6971 7071 7534 7652 7972 8182
25 46 51 123 133 199 210 334 338 342 353 355 372 400 420 437 444 450 467 562 597 631 634 639 655 657 664 698 707 764 767 773 789 813 829 834 866 1079 1142 1143 1145 1160 1172 1237 1261 1782 2149 2774 3003 3092 3650 3789 3804 3869 3985 4045 4413 4443 4452 4483 5116 6015 6415 6432 6438 6467 6485 6541 6542 6543 6544 6545 6546 6578 6580 6585 6620 6621 6639 6652 6654 6729 6773 6927 7009 7115 7126 7136 7162 7489 7505 7511 7519 7550 7607 7623 7624 8024 8139 8264 8352
106 134 135 169 204 215 222 223 234 242 245 249 269 282 283 295 302 308 309 329 332 350 374 406 409 421 422 432 498 513 565 569 576 583 586 596 599 615 616 625 637 641 676 719 733 742 750 762 778 792 796 807 884 886 890 899 920 927 955 959 964 984 986 987 1034 1045 1046 1047 1054 1071 1146 1250 1253 1254 1258 3875 3879 3926 3932 3950 4035 4076 4125 4174 4199 4202 4234 4238 4266 4324 4411 4417 4423 4464 5246 6346 6347 6348 6349 6421 6428 6507 6520 6525 6528 6610 6617 6643 6695 6699 6758 7200 7341 7373 7652 7820 7972
102 135 137 182 204 215 227 242 247 265 283 331 332 350 406 439 454 483 516 522 533 548 557 573 576 583 593 644 739 755 763 949 955 962 974 997 1010 1046 1071 1146 1218 1219 1220 1244 1249 1256 3892 4076 4196 4202 4228 4238 4256 4363 4419 4431 6507 6525 6534 6671 7534 7652 7972
84 179 201 204 209 214 328 369 376 383 473 505 510 555 558 646 656 677 684 693 730 735 743 751 783 896 994 1002 1019 1031 1036 1046 1171 1176 1179 1181 1184 1187 1196 1197 1202 1207 1209 1214 1217 4076 4227 4239 4262 4268 4304 4453 4479 4482 6382 6384 6461 6467 6488 6496 6521 6522 6523 6539 6570 6581 6637 6739 6930 7103 7212 7273 7351 7379 7607 7648 7755 7917 7998 8021 8327
1554 3639
618 747 759 1606 6540 7333 7353 8069
8358
135 137 155 203 215 242 268 283 284 288 350 362 374 409 453 564 710 810 914 995 997 1010 1034 1043 1046 1047 1071 1137 1146 3950 4022 4126 4174 4199 4234 4268 4322 4332 6388 6444 6507 6538 6549 6579 6581 6648 6664 6957 7180 7435 7652 7738 8182 8298
141 740 934 1175 1233 3943 4010
167 661 740 1005 7483
8 12 26 43 1626 8264
1231 6509 7658 7683
6626 6657 7657
1877 4165 5006 5007 5714 5800 6783 7076 7731 7796 7828
1408 1565 2609 2973
6082 8213
6707
6928
797 909 8052
4037
62
3556
35
1231 6509 7658 7683
219 257 270 371 891 911 1603 2149 3384 4186 4315 4448 5338 6187 6439 6883 6988 7104 7127 7427 8133
1231 6509 6634 7658
3684
275 1072 3915 3983 4151 4184 4372 4390 6406 6480 6481 6734 6768 6803 6832 6928 7807 7824 7957
3721
1330
275 1072 2687 3790 3886 3915 3983 4025 4094 4149 4167 4184 4315 4372 4374 4390 4597 4656 4837 4924 4936 4974 4981 4982 5153 5165 5173 5611 5644 5654 6087 6393 6406 6409 6480 6481 6725 6734 6768 6803 6821 6832 6897 6909 6928 6963 7007 7091 7409 7463 7737 7807 7824 7895 7966 8185 8203
13
3611
3143
3048 3461
1473
4382 6416 6738 6903 6928 8172
3384 5030 5039 5978 6191
16 75 84 130 135 189 195 214 293 336 383 462 514 528 638 689 729 745 860 985 1009 1031 1073 1115 1116 1117 1118 1119 1191 1195 1199 2488 3996 4095 4118 4187 5343 6365 6451 6467 6759 6843 7005 7533 7605 7607 7743 8283 8359
6707
1916
3489
2249 3524
1707 2271 3799 4461
275 367 1072 4066 4184 4328 4374 6409 6481 6725 6743 6768 6781 6803 6928 7003 7064 7189 7274 7308 7312 7370 7416 7966 7986 8130 8196 8200 8210
62 6928
3137 3549 3588 4808 4917 6026 6869 6928 7878 7993
1877 2097 2650 2706
3440 3490
3631
6509
3003
1539
35
3174 3326
62
49
49 7588 7589 7590 7591 7592
2506 2701
2506
262 458
3522
6707
6928
25 51 88 133 196 210 287 437 580 639 685 742 791 834 866 882 931 945 1059 1138 1782 2149 2182 2874 3003 3390 3426 3763 3960 4003 4075 4346 4350 4351 4356 4357 4569 4586 4709 4767 4827 4860 4861 4950 5148 5305 5346 5347 5455 5476 5717 5885 5981 6011 6128 6168 6314 6418 6442 6467 6530 6531 6532 6533 6542 6729 6808 6856 6858 6925 6963 7193 7219 7268 7329 7561 7607 7616 7617 7699 7726 7800 8009 8076 8316 8354 8355
5396
3 709 4232 6465 7187 7261 7575 7703 7734 8060 8155
6466 8285
3482
3154
1523
1309
1270 1768 1877 2859 3084
1611 1862 1877 2859 3085
2506
6707
2149 3379 6509
6047 6116
2506 2761
3318 3461
34 61 842 938 6593
2578 2594 3319 3411 3519
3428
6707
491 892 4449 4450
196 980
1877
6707
1971 3902 5020 6013 6491
3803
34 126 159 1852 2234 2264 2383 3006 3330 4288
1698 3428 3487 3631
1556
3193
3574
1280 1494 2086 3082 3231
1923 3038
2358
1382 1770 2288 2504 2726 5398
2739
3106
2298
2506 3184
1230 7659 7660 7661 7662 7666
3396
3631
1511
417 632 1662 1771 2689 3103 3529 4683 5086 5191 5312 5530 5531 5532 5857 6163 6899 7671
4230 4315 6919 7478
488
6400
49 729
5938
1971 5020 6013
3461
333 355 3384 4069 4081 4159 6645 6988 7013 7279 7934 7987 8213 8221
1489 1630 2011 2463 2506 2688 2808
1293
49 2761 6707
49 3428 6491
1097
49
1877 2706
388 954 7178 8067
1539 2644 2939
2300
2300
2300
2056 2962
3461
84 179 201 204 209 214 369 383 473 505 555 558 656 677 684 693 730 751 783 896 994 1002 1031 1046 1176 1179 1181 1184 1196 1202 1207 1214 1217 4189 4227 4239 4262 4268 4304 4453 6382 6384 6467 6496 6521 6522 6539 6570 6739 7103 7212 7273 7607 7648 8021 8327
84 174 179 201 204 209 249 273 328 369 383 421 473 505 510 555 558 656 668 677 684 693 730 751 994 1019 1031 1046 1051 1176 1181 1184 1196 1202 1207 1214 1217 3862 3989 3999 4199 4227 4239 4262 4268 4304 4453 4482 6384 6521 6522 6539 6570 6637 6679 6739 6884 7103 7110 7212 7292 7648 7996 7998 8021 8154 8327
751 1196 4076 7974 7985 8166
20 832 4017 4116 6626 6657 7366 7657 8253 8265
54
3206 3838 3966 7968
2395 5819
7683
1061 1567 3983 6928
37
58
2594 3519
50 4000
50 428
515 2383 3414 4224 6826 7262 7305 7399 7424 8151
136 137 198 203 233 309 379 409 438 453 548 564 565 648 754 894 955 997 1010 1046 1050 1137 1182 3870 4065 4076 4098 4174 4177 4199 4202 4234 4238 6374 6437 6507 6525 6579 6648 6962 6984 7180 7287 7523 7606
4037 6777 6915 7994 8048
3019 6928
1440
285
6773
3221
2311 2487
1917 2717 2970 3590 3653
34 126 421 601 729 847 999 1044 1607 2355 3006 3311 3965 3980 4249 6399 6581 7482 7799
34 126 130 189 195 293 336 462 638 689 729 985 1111 1115 1116 1117 1118 1119 1191 1195 1285 1607 1852 2234 2355 2383 2588 2647 3006 3201 3311 3330 3688 3850 3965 3980 4062 5095 5231 5886 5887 5888 6399 7482
34 126 729 1120 2355 3688 3965 3980 6399 7482 7668 7669 7670
1511 3029
2576
49 210 1203 1311 1606 1782 2761 5324 6477 7671
62 92 5661 6726 6785 6931 6982 7017 7182 7443 7775 7869
92 5654 6726 6799 7182 7443 7740 7789 7802 8176
218 712 1228 3962 4241 4267 5654 6717 6827 6857 6879 6900 6908 6910 6928 7017 7021 7132 7137 7229 7281 7327 7355 7418 7451 7456 7740 8290 8324
11
2325
3326
168 773 837 2484 4044 4254 4527 5321 5803 5817 5838 6066 6067 6068 7293 7355 7442 7542
2506 2594 2761 2951
6928
4382 6928 7773 7806
6928 7773 7806
62 1061 5294 6928
1061 6406 6928 7806
6472
6707
1336
2922 2997 3183
6509
4826
9 10
235 365 1235 3666
34
34
21 34
52
5819
172 304 511 736 747 972 1606 6362 6682 6683 6704 6722 7333
3318
618 736 747 759 1606 6436 6540 6682 6683 7333
253 540 618 747 759 903 1606 6436 6540 6704 6936 6937 7253 7333 7817
253 759 903 972 1048 4009 6659 6704 7173 8274
1381 1504 1991 2058 2104 2118 2637 2953 3159 3665
447 1556 2100
194 554 622 662 740 957 6378
1076 7574 7614 7730 7982 8313
1441 2126 2276 2718 2759 2908 3112 3397 3405 3624 4292 4408 5198 5225 5226 5571 5573 5856 5873 6158 7051 8343
49
1567 6928
1567 4253 4278 4502 4815 4847 5942 6378 6928 6990 7716 7927 7953 8130 8286
1595 2132
6509 7289
7304 7417
2923
6509
75 130 189 195 214 291 293 336 383 429 436 462 514 595 601 630 638 689 729 745 803 905 929 985 1053 1073 1115 1116 1117 1118 1119 1191 1195 4063 4179 5343 6451 6993 7054 7203 7588 7589 7590 7591 7592 8035
1535 2133 3565
109 244 340 360 404 537 669 800 874 950 967 977 1018 1147 3670 4465 6459 7397
109 244 340 360 404 537 800 874 950 967 977 1018 1147 3670 4465 6459
1792
4698
1863
1556
5925
1351
2731
1093
187
3590
3428
5948
2761 2797 3603
1351
1556
187
1294 3129 3522
1522
3048
21 1231 7658 7683
632 1558 1601 1619 1771 2141 2408 3815 3816 3817 4670 4801 5191 5441 5967 6060 6129 6729 7432
2664
1371 3522
1678 1875
1973 2340 2914
1609
62
63
1130
58 196
6509
529 1377 3019 3572 4111 4869 4918 4922 4926 5458 6753 6801 7153 7154 8157
1377 4111 4677 6753 6801 6928 7154 8157
6753
290 292 365 563 868 1022 3032 6542
1277 2594 2720
214 215 242 255 283 409 421 466 571 576 578 605 722 729 735 794 810 860 968 1009 1012 1031 1034 1041 1046 3921 3938 4105 4311 6374 6467 6471 6582 6745 7652
2761
35
1478
6950
880
69 1007 1231 6609 7658 7683
6928
1231 7658 7683
6707
6707
7508
1797
3428
1623 3129
1986 2006 3474 4645
1267 1281 1713 2323 2899 3468 3474
1028 1981 2432 3504 3508 6707 8153
1877 1928 3161
1231 7381 7658 7683
6707
1444 2739
5474
1495 1754 2319 2605 2757 3120
5149 5155 5521 5525
452 571 917 3650 4275 7558 8160
6467 7607
130 189 195 250 279 293 300 336 462 638 689 729 1008 1015 1111 1115 1116 1117 1118 1119 1191 1195 1215 2001 3931 7598 7599
80 272 661 729 1215 2001 4439 6691 6838 7092 8186
6748 7719 7815
49 54
135 283 1046 1180 4234 6374 7523
3 6465 7261 7703
1877 2125
3322 3851 5045 5267 5382 5394 5912 6028 6249
312 447 1057 1302 2506 2654 2807 2875 3069 3891 4019 6729 8006 8098 8206
40 7496
802 880 2149 3430 4373 5783 6474 7078 8146
6707
108 113 231 289 937 1133 6373
949
729 971 6433 6706
34 126 729 2355 3965 3980 6399 7482
6379
2001 2470 6379 6380
1170 6917 7040 8322
2644
1301 2701 2821 3090 4804 6292 6293 8006
49 2761
37 306 1523 4455 4456 6691 7971
130 189 195 250 293 336 462 638 689 729 1115 1116 1117 1118 1119 1191 1195
688
54 101 190 287 333 391 603 756 1138 2182 3003 6805
49 6500
1571 2949
34 43
34 43
729 6433 8174
4396
174 729 971 1934 3892 6433
4201
4548
5836
35 37 43 2719 3522 4200 6509
36
34
6509
10 49 3841
2450 6928
1334 7562 8191
1567 1873 2105 3384 3824 4090 4337 4398 4499 4504 4729 4983 5142 5654 5661 5883 6717 6724 6726 6853 6857 6894 6900 6908 6928 6982 7006 7021 7137 7182 7243 7291 7389 7418 7443 7740 7802 7845 7869 8063 8175 8176
4327 6780
488 2575 6430
6 6741 7001 7166
1567 4885 5049 5072 5073 5349 5939 8091 8205
687 3979
49
7494
8092
1355
7938
802 880 2149 4373 5783 6474 7833
1877 2970
853 898 5411 6988 7882 8117
2792 8255
3957 4321 4612 4867 4878 5390 5396 5454 5506 5775 6234 6236 7047 8258
3957 4321 4612 4867 4878 5390 5396 5454 5506 6234 6236 7047 8258
2905
3522 6707
1231 3461 7658 7683
49 6707
2127 3048 3273 3591
34 49
16 7605
52
43
26
36
1077
4254
2450 4220 7791
6084
6084 6400
1129
3499 6250 6928
6928
5294 6250 6928
3983 4326 7346 7766
3983 4326 7346 7766
4002 4024 6845 6855 6924 7061 7174 7347 7359 8024 8121
4169
24 1539 1701 1717 2673
603
1871 3517
4024 6924 8024
49
196 1517 6871 6928 8096
1120 1368 1387 1517 1567 1603 2747 3019 3214 3522 3572 4671 4714 4782 4805 5217 5218 5306 5427 5472 5556 5675 6029 6378 6871 6928 6996 7153 7668 7669 7670 7984
5640
987 1401 2303 2670
416
62 4303
1231 7658 7683
1850
34
175
1114 4462 7213 8055 8247
475 890 1351 3737 4762 7563
49 4461 6491 6509 7562 8191
1401 3537
6707
632 1771 4801 5191 6988
694
3979
135 204 215 242 283 332 350 374 409 754 955 1034 1046 1180 1183 1193 3870 3950 4170 4195 4196 4199 4234 6374 6551 6758 6984 7045 7280 7606 7652 7972 8037 8182
447 836 889
22 37 1617 2001 3358 3565
354
27 1163 1817 2092 2294 2453 2712 3120 3293 3467 4141 4957 4961 4970 4971 5023 5367 6194 6630 7276 8001
3804
2638
1582
1961 2792 4164 4220 5696 7906 7991
2594
2594
15
2792 4164 4220 4805 5773 5777 6935 7903 7906 8104 8254 8305
846 4395 4491 6457 6706
1290 1362 1556
1589 3034 3964
6707
2165
267 907 1141 4206 7113 7355
1443 1694 3117
3461
3032 3461
2108 2136 3486
104 219 585 4034 8235
262 458
262 458
262 458
2716 3165
3775 8070
6928 7806
632
632 3103
49 4461 7562 8191
3522
1057
1917 3206
3623 5386 6152 6154 6268
33
6928
49 665 7649
31 49 196 401
49 2545
3873 4340 4402 6777 7407 7732 8048
7862
3188
1801
1061
1231 6509 7658 7683
651 1052 3892 3956 4488 6706
863 3776 4082
3650 6585
773 6928
6928 7773 7806
1042 7704
3106 5652
414 1026 5087 5192
6509
6509
4834 6928
6928
6928
49
5077
2480
3247
635 691 750 1623 2471 3170 8263
2491
3782 4279 6394 6405 6743 6750 6781 6813 6928 7226 7773 7784 7806 7927 8016 8031 8187
6928
17 22
7289
550
1235 3048
3535 3600
1695 1933 2148 3808 5163
1586 1865 3801 5549 5671 5792 6259
3198 3473 4178 4215 4720 5634 5635 5639 5791 5827 5831 5833 5837 6728 6839
20
1401
49 1225 2761 4469 5387
1438
49 1225 7645
62
4559 4622 4840 5405 5661 6928 6958 7006 7323 7825 8008
3260 3522 5084 6928
6882
3561
3467 5512 5513 5514
403
4878 5454 5775
3574 5396 5454
6417 6753 6928
6753 6928
1961 3019 3522 3572 4042 4794 7153
1377 1883 2451 2893 3522 4111 4593 4667 4868 5607 5612 5613 5617 5623 5625 5627 5628 6123 6753 6801 6928 7154 8157
798
495
13 6595
7010
97 247 1178 1219
2325
270 1135 3892
120 157 191 224 259 278 395 483 817 843 869 2287 3876 4436 6390 6819 6941 6980 7309
2071
22
3285
3048
28 1364 2149 3183 4857 5952 6180
7289
1877
744 3572 3949 5641 6161 7192
3384
8 34 41 53 58 5180
267 1141 4206 7113 7355
468 6694
1564
483 843 1052
1061 6928
1061 4899 4900 4901 4902 4903 4904 4905 4906 6907 6928
6492 6928
6928
33
1326 2688
2646
34
1523 2108 2890
5122 5901
105 609 721 1095
311 392 427 651 714 820 841 1094 1095
2594
1832 3030 3076 4736 4738 6918 7493
3522 7289 8137
6594
909 3889 4115 6367 6668 7143 7400
6140
2703 4044 4254
168
24 4828 4930
355
5683
5683
1971 5020
6707 6791
2506
2506
2170
2761
1577
2594
49 6568
3371
1439 1556 2493 2952 3125
131 7010
7822
7289
1231 4211 5189 5492 6177 7658 7683 7788
6509
49
4986
1279 2886 3258
1354
3954
1374 1481 1663 1966 2581 2849 3344 3526 3542 4568
1876 4590 4676 4745 4766 4830 4858 4895 4931 4932 4951 4993 4994 5058 5157 5171 5207 5355 5356 5357 5358 5359 5487 5597 5598 6303 7077 7894
1710
49
6417 6928
6928
2506 2761
1786
960 2543 3939 7710
971
35
1783 3522
5823 5824
1934
1231 1310 2165 2403 2491 2494 2643 2698 3120 3469 3559 3611 5032 6707 7658 7683
1434 2686 3251
3306 3461
3048
3766 3780 5047 5052 5053 5068 5396
3470
3559
692 1097 2022 2044 2694 2756 2758 3166 3433 6662
3384 7289
7494
1282
6509
2510 4997 5533 5534
6084
7289
3045 3371
2079 3461
3326
345 2128
72 326 4079 4102 4485 6905 7297 7866
5823 5824
5823 5824
1127
7349
687
1971 5020 6013
1625
1625
2506
3526
2506 2762
3461
3318
7289
21 1698 2192 2201 2387 2392 2482 2530 2542 2784 3174 3364 3424 4573
3338
2176 3574 6509
1935
2696 3776 4618 4763 4856 5216 5467 5468 5469 5470 5471 5472 5473 5489 5556 5599 5600 5601 5672 5675 5710 5711 5743 5744 5745 5757 5819 6134 6135 6310
1971 3691 3855 5020 6013
2594
6707 7289
6509
1982 7104
6626 6657 7657
2325 2572 3556
6707
1376 7289
6707
6707
2181 2939 3428
6707
1447 3461 5819
6928
1447 3461
88 142 143 173 413 460 518 529 686 816 864 943 1065 1132 2108 3578 4474 4548 4564 4632 5124 7588 7589 7590 7591 7592 7697
2145
2072 2094 2255 3232 3234 3546 5104 5106 5232 6119 6466 6981 7125
1242 2072 2094 2255 2906 3234 3546
2020
1442 2020 2717 2941 3169 3653
1380 3780
5779
5779
5779
5779
5779
5779
55
7289
1971 5020 6013 6707
6707
6509
3461
1971 5020 6013
1905
6707
1971 5020 6013
1971 5020 6013
6 63 1345 1906 2709 5763 6509 6707
218 701 1323 1331 1518 1818 2290 2663 2891 3212 3281 3962 4136 5819 6088 6161
2614
815 3461
2048 4510
3461 3556
5819 6741
7289
1982
1369
1350 4638 4639 4640 5558
6509
949
6509 6707
673 752 843 1052 1129 1130 3155 3614
2594
3559
414
55 1982 4567
62 3384
1370 2761
7289
1231 3461 6509 6707 7658 7683
2077 2201 2399 2889 3078 3123 3329 3522 3712 3829 3830 3836 5682
493
1454 2389 5208
407 990 1454 2389 7289
386 503 1454 2389 3934 7289
62 1363 1708 2149 2410 2487 3139 3384 3522 3572 3783 3784 3785 5000 5338 5417 5920 5922 5926 5934 5935 5941 5943 6045 6220 6378 6928 7900
1780 3168 3838
3457
1511 1694 2228 2923 3457 3500 6091 6092 6093 6870
1231 1670 4203 5069 5070 5276 5679 5849 6056 6193 6499 6509 6513 6611 7600 7658 7683 8256
3714 5301 6249
1877 2267 3136 6070
1326
3180
1417 3326
2594
2828
3326
1556
1230 1231 1670 4203 5069 5070 5276 5679 5849 6056 6193 6499 6509 6513 6611 7084 7475 7503 7600 7658 7659 7660 7661 7662 7666 7683 7785 7939 8225 8264
2834
3049
6607
6635
2201
1296 1610 1983 2594 2916 3629 5019
1440 1824 2249
2638 2646 2767
1235 4231
861 4465
861 4465
1769 3396
2688 2794 3566
2221
3334
1511
3326 3396
2761
1978 2857
3048
868 1097 6462
1694
1534 1725 3134 3332
2602 2939
3510
1850 2193 2421 3385
1511
1334
3527
2728
1511
2506
1231 2625 7658 7683
729 1215
458
403 1539
6928
64 2171 3522
2450 2946 3692
35
526 680 882 1058 1059 1082 1133
92 5093 5654 8051 8126 8176
4602 4735 4777 4801 4803 4843 4884 5570 7432
18 22 1878 2979
1006 7508
1297
2455
3552
1264 1293 1496 2150 3239 3585
6260 6928
6626 6657 7657
1511
49 996 1216 7684 7685 7686 7687 7688 7689 7690
5779
5779
5779
5779
5779
5779
5779
8 13 34 52 196 628 895 1312 2841 3153 3398 6380 7671 8238
616 845
1948 2922 3779
1231 7658
2761
3038
2646
2139 2638
1231 7658 7683
2371
1934
2646
386 1297 2506
3183
2201
3272
3428
1849
3728 6028
3728 6028
3728 6028
3728 6028
3728 6028
3728 6028
3728 6028
3728 6028
3034
1541 1609
2843
2203 3303 3318 3461 4996 5819 6492 6607
1971 5020 6013
1694
1326
1453 1750 2620
5509
6210 6212 6213 6320
6210 6212 6213 6320
6707
6524
1998
2608
1877
3121
378 1551 1900
220 3998
5135
1579 1763 1920 2176 2191 2560 2715 3245 3378 3450 4490
5277
2519 2998
2923
3630
1556 3559
1594
1614 2364
1897 2002 2846 2989 2997 3011 3032
1961 2737
5277
3326
1934
683 773 6361
2395
2084 3379 3699 3937 6792 6968 7128 7344 8004 8025 8066
118 601 847 1129
837 1655 2646 2688 3147 3182 3408 6707
2020 5396
2020 3780
2701
220 471 779 1307 1877 2376 2405 3443 3520 3998 4746 4779 4811 4832 4842 4845 4873 4935 6168 7272 7645
2265
4708
3482
1011 4404 6774 7176
862 4404 6774 7176
3631
5819
1308 1679 1718 1802 2137 2151 2400 3046 3178 5618
2506
3794
3794
5043
2325 3129 6928
6209
471 779
5893
1499 2057 2138 2470
3998
2506 2962
1352 2506
197 4495
1389 1879 2182 3445
1556
3998
1556 2794 3482
2310
2874
2471 3602
1271 1935 2618 2927 3074 3592
1511
3482
1911 6041 6042 6043
1415 2646
1447 3461
2867
2395 2608 5242 5281 5766 6243 6269
5521
211
211
211
1556 2428
1532 1839 2723 3037
6110
779 3208
1309
2721 2832 3282
3423
1351 3998
1351 3388 3998
1327 3998
1511
5819
5329 5577 5578
2160 6315
3018
6410
2222 2987
5673
3265
3452
1430 1556 2888
2229 6126
3461 6707
1688 2943
12 2544 2884
1203 2691 3261
6928
2792 4114 5000 5025 5411 6476 6761 6922 7906 7933 8040 8210
1603 1661 2171 2342 2734 2792 3214 5011 7906
5385 6928
6928
4255
639 1411 4005 4127 4243 4415 6938 6955 7452 7797 7924 8164 8300
1340 1393 1632 2424 3380 3651
49 3587
259 516 1012 3774 4147 4400 6373 6555 6556 7287 7629 7858
1231 2279 3325 6940 7101 7658 7683 7877 8075 8219
5025 5411
483 843 1052 3631
1129 2716
639 1411 4243 4415 6938 6955 7452 7797 7924 8164 8300
2594 3032
908
1563
3034 3079
5361
157 270 278 432 483 729 843 869 928 1135 3892 3940 4436 6553 6558 6559
1545 1882 2113 2732
3461 5779
1080
3944 4072 8243
2193 3048
1844 2003 2761 3526
73 82 134 171 283 297 328 332 349 409 443 571 576 593 672 692 702 738 765 810 918 919 927 959 962 968 973 986 1046 1178 1182 1185 1189 1198 1218 1219 2954 3866 3874 3951 4133 4161 4199 4205 4281 4307 4425 4426 4447 6366 6526 6795 7089 7712 8099 8165
6707
6150 6151
6467 7607
208 310 577 8065 8107 8270
911 930 1778 2071 2594 2777 2811 3326 3436 3676 4335 5083 5194 5196 5277 5581 5582 5583 5584 5608 5610 5764 5767 5836 6396 7908
208 310 577 7912 8014 8065 8107 8270
6707
250 6773 6928
1839
3559
49 196 6491 6983
2108 3574
49
49
7683
191 259 270 729 1135 3892 6554
1693 2478 3499 3572 4012 4382 4555 4703 4757 4988 5725 5798 6416 6738 6903 8172
2510 6249
2510 6249
2510 6249
290 4025 5811 6406 6409 6803 6928 7425 7737 8062 8082 8203
930
6928
19
1153 2048
6626 6657 7657
3194 3422 3575
6424 7912
162 258 263 318 319 340 360 546 621 627 660 669 800 818 867 988 990 1014 3173 3522 3670 3805 3895 3958 3963 3974 3994 4173 4208 4218 4290 4291 4310 6211 6700 6921 6998 7140 7214 7252 7339 8163 8198 8353
49
35 2385 2407 2872 2959 3314
21 4200 6509
25 51 88 196 253 287 467 1138 2182 2663 3390 3853 4003 4004 4048 4726 5319 5347 5680 6442 6607 7133 7561 7726 8076
540 3107
2455
4070 6394
3766
7780
3623
2890
1902
639 1085 1411 4243 4415 6414 6938 6955 7452 7797 7924 8164 8300
3522
1556 2886 3258 3403
34 2383 4588 5373 6370 6809 7196 7729 7975 8234
963 4110
1567 1961 3623 6928 7121
35 210 1436 2490 2656 2669 2876 3314 5774 8006
62 6161 6781 6928
128
49 764 773 2761 2765 3751 5387 5541
2970 3422
639 1411 4243 4415 6938 6955 7452 7797 7924 8164 8300
6386 6928
7289
946
2356 2369
6733 7713 7958
8 34
4898 5100 6928 7074 7449 7868 8007
530 1167
559 1070
2040
3019 8164
2923
1549 1956
20 21 34 147 328 860 984 1500 2104 2853 3006 3143 3706 4137 4200 6373 6433 6883 7369
1539
64 1304 1333 1584 1702 1879 2052 2200 2235 2306 2351 2396 2447 2532 2535 2553 2688 3108 3246 3302 3312 3351 3633 3634
3964
3506 3970 6928
75 729
34 177 4486
73 97 247 374 443 702 810 904 1178 1182 1189 1218 1219 3866 3882 3996 4035 4430 4438 6374 6872 6928 7014
1231 7658 7683
3146
2206 8195
1291
1061 1446 6463 6747 6782 6928 7721 7773 7806 7843 7857 7872 7880 7884 8057 8064 8105 8212 8280 8284 8309
23 815 852 1061 3158
61 754 2807
2428 2506
6509
6928
191 224 395 729 3880
1231 7658 7683
1401 2265 3557
1351 2552
3522 7308
1511
1231 6509 6707 7658 7683
360 867
6707
6361 6509
34 5642 7470
24 92 163 509 667 903 926 1154 1275 1385 1521 1526 2109 2673 2880 3042 3077 3327 3631 4006 4021 4570 5562 5882 6716 6735 6829 7124 7211 7436 7944 7980
1320 1375 1989 2165 2343 3611
141 740
1993 2171
305 1099 7754
7318 8087
4764 7029 7109 7441
480 3861 7029 8117 8135 8183 8201 8239
131
25 51 88 196 210 287 437 497 858 866 931 1049 1138 1319 1469 1782 2149 2182 2395 2546 3003 3034 3390 3620 3655 3960 4003 4048 4346 4351 4356 4357 4866 5347 5819 6418 6442 6469 6530 6542 6925 7193 7268 7408 7419 7561 7726 7852 8076 8090 8316 8355
62 3499 6913 6928
6509
1844 1877 2669
6707
1447 1539 2510 3461
6 218 701 5819 6741
911 930 1778 2071 3053 3326 5083 5277 5836 6396 6435 7479 7529 7671 8177
153 2761 7607
6509
157 270 278 483 843 869 928 1135 3892 4436
480 6928 7966
49
6372
2048 4510 6504
509 903 1385 4006 4021 4248
24 509 903 926 1275 1385 1521 1526 2123 2316 2538 2880 3077 3327 3427 3579 4006 4021 4029 4248 4509 4707 5562 5882 6716 6735 6829 7124 7211 7436 7723 7944 7980
2558 3088 3644 3740 5014 5017 5692 5847
1935 2572 2604
1759 1877 3197
24 62 299 6504
6707
1567 4372 6928 7773 7806
1513
62 113 289 526 580 742 836 882 933 937 1058 1059 1133
204 601 847 999 4396 6372 6708
2907
5524
1231 6509 7658 7683
1962 2143 2325 2577 2980
3129 3522
236 311 622 820 971 3379
21
67 90 95 141 162 166 191 223 329 331 332 345 350 361 404 422 466 498 516 529 533 677 739 846 854 889 914 949 955 962 974 993 1005 1021 1028 1052 3892 3956 4196 4235 4324 6624 6637 6665 6706 6710 6966 7090 7296 8081 8349
6928
6928
5907 6928 8200 8340
7289
20 21 34 37 328 777 971 1199 2104 2853 3006 4200 6883
410 1811 1844 2420 2506 2594 2728 2807 2835 6566 6591
4213
3486 6760 7184 7570 8042 8054
2688
34 126 130 189 195 293 336 462 638 689 985 1115 1116 1117 1118 1119 1191 1195 2264 2383 2733
34 126
6968 8004 8066
15
3993 5436
64 1697 1795 1796 2328
24 62 744 3572 3949 5641 6161 6928 7192
3030 4736 5539 5665 5770 6918 7493
6928
6928
6928
6928
6928
7289
21 34 328 374 777 1199 1523 2104 2853 3006 4158 4200 6433 6818 6883 6959 7060 7369 8299
2472 2823 2900 3488 3528
4180 6928 7153 8184
6928
34 2383 3414 7999
253 566 1606 6682 6704 7067 7223 7333
3759 3810
1444 2739 2796
92 1801
491 892
1982 4567
1511
1166 1269 1537 5562
16 7605
49 1361 2761 6491
3171
63
3019 3572 3776 5489 5757 6310 7153 7487 7577 8108
6928
6968 8004 8066
6792 6968 8004 8066
1454 2389 3883 7289
6928
1364 4531
6798 7769 8319
6928 8089 8138
980 1231 2014 2846 3988 4008 4211 4282 4377 4490 5189 6388 6823 6831 7072 7081 7134 7225 7263 7356 7658 7683 7788 8152 8167 8180
4823 6928 7230
4382 6257 6928 7230
5466 5641 6928 7230
62 6778
105 122 193 311 401 547 609 622 721 734 841 1095 2271 2321 3713
2351 3783 5239 5529 6250 6928
49
203 466 735 894 1041 3910 3938 4089 4148 4311 4334 6356 6374 6732 7278 7290 7301 7335 7360
157 270 278 432 729 843 869 928 1135 3892 3940 4436 6489 6553
8260
6707
6928
4025 6803 6928 7806
434 7289 7303
1380
157 191 224 259 270 278 432 483 516 729 843 869 928 1129 1135 3892 3940 4436 6552 6553 6557 6558 6559 6706 7071
6626 6657 7657
5562 6166
94 699
4396
6928
37
603
6707
3479 6414 7195
6928
691
4169
911 1273 5923 6928
37 6467 7607
40 403 1351 2185 7496
1444 1728 2415 2460 2713 2796
2383 3414 3907 6878 6956 7431
125 148 163 752 978 1033 1090 1166 3916 4021 5562 6357 6966
630 7588 7589 7590 7591 7592
3326
95
6361
83 141 166 167 257 346 394 399 504 534 589 598 602 705 739 740 854 871 993 1005 1037 1092 1111 1165 1168 3892 4010 4235 6706 7629 8223
393 584 695 906 6378 6988
3034
729
2688
2716
2716
1231 7658 7683
2716 6607
113 191 516 544 752 932 966 6706
6928
363 1429 1877 2558 4399 7645
1934
4396
12 37 1351
3448 3988 6773 7266 7355
34
2383 3414 3907 6878
34
6812 8277
2761 3257 4831
34 37 328 1199
8042
818
245 586 846 891 1254 1319 1468 2149 3639 3867 5192 5541 6168
7608 7609
41
17
8339
2506 5540
2336
3206 8125
1603 5011
5436
6730 7285
917
5046 6355
6172 6173 6174
3005 3007
529 4131
6773 6928
163
199 6509
6928
391
488
4054 6419 6901 6928 7064 7101 7310 7806
5576 6928
3318 3461
3384
3809 6928
6509
6626 6657 7657
6928
143 1273 2382 4535 4560 4736 4742 4743 4848 5308 5331 5332 5335 5476 5542 5649 5650 5770 5902 5977 5981 6159 6165 6325 7588 7589 7590 7591 7592
6707
3927
587 4514 4515
4250 6578 7358 7408 7445 8192
49
704 6928
4461
65 7482
3019 3572 4794 6406 7153
7382
1273 3734 4500 4539 4569 4587 4666 4736 4775 4806 4851 4866 4881 4887 5167 5192 5347 5810 5819 6296 6418
3623
49
16 75 286 291 345 356 376 383 430 514 571 578 581 729 948 1009 1035 1053 1104 1105 1106 1107 4300 5343 6435 6451 7821
75 729 1073 6451
744 752 966 1058 1082
6778
167 740 4224 4236 6749 6784 7744 7829
159 421
7380 7695 7725
6707
34 126
212 3322
3937
1728 2713
471 3479 4108 7195
3379
6913 6928 7708 7966 7990 8122 8196 8203
4396
290 365 563 868
130 189 195 250 293 336 462 638 689 729 1115 1116 1117 1118 1119 1191 1195
34 126
6928
6928
458
7245
1061 1359 1396 1515 1520 1552 1727 1791 1855 2280 2370 2417 2473 3019 3185 3478 3572 3715 3849 4046 4068 4349 4546 4599 4648 4794 4955 5099 5238 5426 5442 5445 5446 5447 5448 5551 5552 5553 5666 5670 5693 5694 5695 5697 5698 5699 5830 5921 5930 5932 5933 5974 6000 6001 6089 6090 6286 6928 6933 7002 7065 7153 8334
4236 6707
5294 5306
73
470 8227
6928
1230 7659 7660 7661 7662 7666
3906 7044 7150 7169 7881 7959 8005
1373 2326 2665 6467 7607
204 6818 6913 6928 7708 7990 8122
7770
5349 5939
655 1048 6235
4562
603 5937
7793
949 1075 1848 4159 4185 6246 7059 7989
62
1273 1436 1848 2765 3384 4448 5000 5393 6645 7607 7933 8115 8206
2761 6169
1588 1825 1969 2178 2388 2724 3164 4642 5903
49
8 52 4725
294 6456 7782
3574
36
2193
3675 3707 3718 8294
35 3622
8 1686 2023 3272 5558
1539
35 3110
20 427 622 740 2601 2606 3081 3257 3746 4293 4706 5115 5191 5386 6334 6378 6606 6729 7112 7147 7307 7639 8208
49 2506
49 2937
6928
5079
480 6406 6928
49 2428 2885
828 4112 5329 8229
439 628 1075 3474 8336
35 796
3522 3599
43 49
980 1844 2506 2845 3291 4055 4061
464
6392
3687
688
6673
3461
1877
1366 2627
688
239 519 958 1088 4198 6345
1656 1892 2520 3153 3722 3723 6707
1265 1511 3368 3663
1000 7108
2043
6928
3888 7631
3428
2116
6928
19 63
3428
1539 2268 5832
1460 3257
3326
3326
3326
6244
4517 4939
2043
6588 7643
1315
1274 1767 2630 3612
2506
1315
3038
1455
1453 1877 2706 3089 3598 3616 3647
5929
2077
1437
2422 2557 2646 2936
1681
2594
3326
3326
3326
1486
1390 1959 2523 2688 3346
1826
1511
1917 2941 3081
48 235 313 442 563 2753 5956
1877
1556
2934
2506
1767
3396
3094 3769
1877
724
5133 5343 6183 6669
3326
5432
5432
1994 2020 3773 5291
365 851 1022
63
3828
8101
2506
3461
1155 4231 6462 7754
2509
1309
1668 2910
2594
634 2874
4611 6197 6198
2594
2646
2506
3032
6928
5262
2435 2846
2628
5890
3647
292 1239
5957
6109
1289 1574 1594 2411
8 10 37
63
6981
1778 2594
2250 3461
3621
1877 1948 3437
2392
1351 1484 2569
1395 3313
19 1453 1720 2514 3647 6014 6638
3857 3858 3859
2646
1851
4765 5386
2067 2325 3534
1686 3450
3434
1351
1996 3129 3522
1736
2827
1934
2594
2761
2348
2506 2521
6928
2445
5807
1408 2212 2794
1694 1877
3674 3693
8159
936
404
1453 1720 1812 2338 2514 2706 2847 3089 3102
2157
3657
2325 2572
1511 2242
2706
5524
1971 3106
1779 2761
861
2201
5708
5067
6928
7458 7764
5929
3384 4608 4609 4636 4701 4753 4754 5000 5338 6086
5420
34
52
6372 8174
6361
2602
2939
4545
6450 6498 6586 6688 6698 7566
6122
1625
2923
4086
3032
6707
3326
6928
2848
5779
1162 5779
5779
5779
5853
1511
2268
5779
2300
1604 2992
3276
5779
1934
1934
5779
2193
2728
1351
2961
5814 5853
64
5779
5779
6707
4131
4074
277
3183
6601 7098
1877
2594
1429 1664 1877
1511 2810
402
3479
2970
2970
1834 2179 3407
5819
6307 6308
3806 3807
6928
5938
468 636
2053
6168 6632
3485
34
37
1877
6707
6509
19
19
35
54
1436 3384
3384
3048 3461
4295
5429 5430
6928
6928
2696
21
3370
6113
7258
47
6372 8174
1719 1877 1952 2736 6006
1652
2761
6361
391
4213
971
8
8
49
6928
267
8
2874
1877 2455
2091 3038 3651
2967 4825
5189 6074
753 1096
729
5819
386 434 503 1454 2389 5208 6707 7289 7928
5819
127 184 367 486 507 556 559 713 731 771 865 4222 4244 4308 4384 5545 6071 6385 6588 6661 6802 7086 7177 7315 7362 7643
115 375 553 760 887 1040 1069 1091 1238 3923
5528
5528
3396
2506
3132
6248
6248
6248
1625
2594
1309
2786
2043
6626 6657 7657
2175
1579 1760
202 290 321 330 358 431 469 563 588 674 776 821 953 975 1100 1101 1239 2642 6344
6707
6707
1327 1351
5056
1270 1877 1948 2859 3644
1695 1933
2165
3379
3835
5433 5434
5756
2325
202 290 330 358 365 431 469 563 588 953 975 1101 1239 2642 6077 6344
3369
3939 7710
6707
2193 2676
6707
6707
6707
6928
1012 4088 4147 7787
21 65
63
3384 7934
4038
6928
131 492 7404
5428
3106
918
35
59
1877 2706 3575
2509
6273
1917
2506
2455 2706
3038
2204
1877
1287
52
668 1346 3080 6467 6656 6775 7607 7642 7650 7653 7911 8341
2184 2890 3461
8317
5519
1512 2486 3556 5108 5109 5110 5862
6928
1444 1877 2739 2939 3575
2245 2761
163
7010
4489 6423 6497 6772 6802
7176
2688
3457
3457
1511
1556
2594
1511 3428
5822
2867 2958 3242 3366
4047
1736
5071
2395 5819 6270 6271 6272
2043
4565
3457
5547
2577 4697 4698 4699 4700
2363 3461
2941 3522
2346 3663
1534 1725 3134 3332
4614 5221
3144 3318
1604 1609
3705 3837
1732 3048
4949
7540
5924
2149
4213
571
6928
6626 6657 7657
4114
6928
4038
1351 2534 3138
8261
6372
2699
7707
1498 1525 1561 1893 3339 3455 5475 5796 6988
49
1478 2506
931
6928
1231 7658
2900 3488
2043
5345
2506
1538
3048
2037 3516
303 5074 5842
5753
202 290 330 358 365 431 469 563 588 975 1101 1239 2642 6344
4629
6091 6092 6093
290 330 358 365 431 469 563 588 821 953 960 975 1101 1239 2642 5956 6344
2594
5396
2628
3241 3357
1427
2890
4949
2519 2998
1877 2706
4605
2976
2557
6707
6707
6707
2081 2913
6707
3104 6707
6707
6707
6707
6707
6707
6707
6707
6707
6707
6707
1570 2761
8190
6707
6707
6707
6707
6707
6707
6707
6707
6707
6707
6707
6707
6707
6707
6707
6707
6707
6707
6707
6707
6707
3760
6707
6707
6707
6707
6707
6707
6707
6707
6707
6707
6707
6707
6707
6707
6707
6707
6707
6707
6707
6707
6707
6707
6707
6707
6707
6707
470 1511 3314
6707
6707
6707
6707
6029 6928
5924
8 52
9 91
6928
19 63
19 63
4992
5939 6928 7848
3048
740
8207
6974
7922
6928
6928
259 4436
4891 5638
1444 1728
5861
875
61
632
1654 2804 3318 3461 3538 3663 4087
34
242 729 1215
12
740 4771
6928
19
6928
6928
8 34
210 4831
447
1231 7658
54
2265
4504 6900
7638
25 51 59 84 199 1346 2347 4348 4467 6467 6503 6580 6653 6656 6850 7152 7371 7607 7620
668 1346 6467 6487 6650 6656 6775 7607 7651 8084
6928
3384 7934
4020
6928
603
1964
6417 6928
8261
6928
5762
2679
1694 3457
1868 6122
3722
3708
1300
2706
64 1706 2187 2693
5814 5853
3840 5814 5853
3840 5814 5853
2717 3653
6675 7623 7624
7637
2739
1129
6778
6928
54
226 365 545 851 868 1022 1049 2834 8003
2149
16
163
34 269 383 571 729 745 971 984 1031 1199 1208 2853 3942 4200
6928
6928
8 34 52 628
836 8125
6928
145 488 4154 6430 7155 8141 8269
2108 2890 3486 4469
6786 6967 7111 7255 7492 7618 8090
59 2201
7395
363 1429 1877 2558 4399 7645
7289
3692 5323 5599 5606
3990
1265
3038
6207
6207
6207
2161 2514 3453
1351
36
37
6928
3448 7788
2783
4002 4024 6845 6855 6924 7061 7174 7347 7359 8024 8121
5682
6361
1358 2320 2454 2964 3613
729
908
17 18 7482
2728
3124
119 154 185 292 321 330 563 674 776 876 881 925 952 1240 1241 3315
3770
1849
3470
3484
2043
1556 2580
3129 3664
1591 1686
1556 1711
2641 7513
4269 5215 7567
393 695 906
6447 6661
49 2761
447 889
4002 4024 6845 6855 6924 7061 7174 7347 7359 8024 8121
1061
7289
3783 5529
7781 8244 8257
3574 5396 5454
143 273 354 512 529 630 922 1006 1167 1200 1273 1319 1458 2182 2190 2369 2765 3086 3105 3219 3384 3578 3667 3668 3861 4047 4162 4225 4251 4299 4500 4539 4587 4596 4632 4666 4689 4693 4775 4806 4851 4881 4887 5269 5326 5376 5543 5622 6487 6613 6641 6731 7048 7495 7506 7560 7588 7589 7590 7591 7592 7671 7702 7960 8117
1005 6486
880
66 117 163 196 501 891 910 1033 1090 2014 4008 4211 5189 6490 6823 7788
6928
49 54
2048 6215 7805
7380
729 6706
1556
1556 5780 5875
7429
7109
4399 6995 7122 7457 7751 7851 7919 8262 8263
2487
62 951 8085
4036 6604
6928
1629 3461
7109
2149 6707
2506 2592
3379 6372 8110
4396
1556 1592
27 1843 4460
6199
3582 3604 3832
2364
3761 5304 5344
3457
6981 7125
2510 3326
2307
1757
2506
2057
7289
32 2594
37
610 849
1230 6509 7659 7660 7661 7662 7666
5189 7511
5682
8 18 6494
4129
2939
3156
4002 4024 6845 6855 6924 7061 7174 7347 7359 8024 8121
6928
49 63
1276 1527 2868 3167 5273 5274 5275 8150
6968 8004 8066
2594 2986
6928
10
2149 7026 7594 7922
63
8
1044
1230 6509 7659 7660 7661 7662 7666
212 6372
6626 6657 7657
62 2572 3206
8
8
2669
3774 4001 4193 4286 4337 4988 5641 6742 6789 6928 6963 7218 7318 7448 8204
5908
8
65
7289
3787 6977
7777
3461
19 3885 6736 7059
6626 6657 7657
1162 1971 5020 6013
6928
3798
6 6741
1326
54
50 428 508
5611 6928
8015
521 1148
1231 6509 7658 7683
488
4396
6928
62 4337 6928
19
70 3522 3559
2564
851
25 1225 1984 2013 2108 2890 3486 3655 4168 4469 5810 7070 7298 7841 7902 7983 8053 8078 8293
73 1062 1218 1219 4438 6375 6598 7951
4396
15
2506 2564 3342 3428
6928
951 6687 6847 7098 7744 8020 8117 8344
6361
35
353 859 6415 6979 7745
2057 2577 3285
1840
2713
1998 3326
7964 7965
8127
84 141 661 740 4010 7523 7568
8 34
1446 1511 2716 3631 4996
6084
277 6634
6950
1732
6509
6388
89 355 773
630 1273 4154 7588 7589 7590 7591 7592 8252
632
6502 7694
6986 7240 7890 8162
616 845 976 1129 6626 6657 7657
4467 7924 7925
11
6928
3322 6248
6626 6657 7657
3522
7768
7978
374 4176 7722
9 10 27 91 2887 6694
49
204 284 374 383 438 510 555 738 783 1193 1319 1880 2853 4030 4052 4097 4210 4383 6444 6637 7555 8147 8321
35
6928
1334 3172 3263 3489 3659
88 729 6928 7536 7545
7059 7916 7989
6626 6657 7657
163
864 4474 6368 6512 6910 7215 7363 8128
1351
63
176 189 230 300 336 729 966 1015 1215 3931 4122 4329 4354 4481 6403 6501 6838 7094 7138 7232 7706 7920
4702
4574 4741 4839 4923 4925 5183 5389 6124
5858
1063 4197
1539
3630
2506 2602
2765 3384 5425
3514 3685 3686
6879 7343 7418 7451
61 153 370 535 774 1159 7348
1454 2389 5208
6928
6928
54
6928 7854
6707
5208
36
3382
1511
6928
1877 3490
48
1487 1556
8255
31
6928
22
91
3428
1230 1231 2014 2031 2315 3448 4998 5189 5219 5763 7658 7659 7660 7661 7662 7666 7683 7788
64
19
470 1246 6446 7066 7946
6928
8 13 37 52
49
4801
6361
1644 1917 2717 3206
1877 2970
6928
6707
3428
6466
2594
1546
6466 6981
1556
2778
6217
1711 1994 2600 3048
1694 2428
2594
3475 3645
2761 3428
4066
8 26
19 1230 3885 4768 6246 6736 7059 7659 7660 7661 7662 7666
3334 3428
75 729 905 929 3996 4123 7720
447
6928
6928
1016 5208
3868 6928
6388 6815 7123 7248 7715
7222
632
99 253 606 1048 4091 4229 4287 4316 6360 7840 8080 8125
191 974
4382 5294 5466 6928
7992
6928
27
1351
3379 6372 8110 8360
6928
609 721
632
204 242 283 350 409 955 1046 1254 4035 4199 7199 7801
44 3823
6928
6928
6928
192 1038 1056 1454 2389 4466 6389 7107 7289
2923
1446
35
19 3885 6736 7059
414 939 1026
43
1177 6475
2577 3285
6928
3428
5145
152 3428 6467 6631 7607 8174
250 944 969 1498 1570 1580 1863 1893 2227 2429 2669 2675 3048 3107 3208 3339 3455 3457 3500 3737 4486 6395 6822 7096 7714
54
6928 7854
12
6336
7530 7814
547 6633 6883
15
5326
5907
663
7010
8
3266
2598 3038
1309
1271 1935 2256 2972 2998 3428 3592
3396
3396
1951
1877 2028 2988
1556
3559
2395
4619
5799
4556 4557
1590 2228 3457
3265
2923
1586
1904 3396
2706
5283
1556
2696
1877
2506
1586
2837
5945
5103
2294
5074 6261
1309
1547 2172 2917
1547 2172 2917
3647
3597
2201 2255 4552 4711 5350 5423 5437 5438 5478 6119
3561
147
2646
1388 3032
2506
2717
3226
1551
1556 3428
688
6707
4055
1309
632 858 7561
1742 3749
4250 7408 8192
426 971
1021 1049 4457 4458
8123
1428 3617 6607
8136
6247
7909 8132
4988
6928
1511 2688 3011
24 62
7289
131
817 3954
470 1246 4069
574 4355 7088 8072 8095
7324
632
131
6928
6753 6928
49
35
191 974
566 6381 6837
740
8350
365 851 1022 6687
4396
6379
14
58
6928
1609
62
8
19
8 2594 2669
20 3361
1309 5850
6155 6928 8291
1265 2728 2939 3318
1609 2143 2775 3838 7922
25
36
19
141 740 4010 4236 7545
157 817 843 869 1052 6390
603
36
1454 2389
740
7401
3937 6388
574 1246 3897 4069 4280 4338 4355 7179 7284 7750 8000 8095 8222
1061 6928
25
2594
54
851
242 673 4049
6928
4002 4024 6845 6855 6924 7061 7174 7347 7359 8024 8121
8098
2395 2556 2874 3575
1230 7659 7660 7661 7662 7666
123 1522 1931 2090 2191 2216 2860 3789 3804 4644 5139 5558 5566 6023 6607
94 196
166 332 4396
49 8292
6928
259 432 478 483 740 931 1135 3879 4201 4436 6467 6557 6559 7607
37
7778
6928
5466 6928
7108
41
6928
2765
1309 2739
2020 2717
1935
2500
85 138 441 825 1831 1972 1977 2196 2318 3041 3320
1556 2888
3009
2506
3522
3396
2506
3559
2631
2615 2650
1834
3255
2646
3196
2646
1694
2091
2349
3525
1877 2650
3343
2594
2606
3471 3638
6707
1654 1970 2115 2346 2669 2804 3461 3570 3663
1067 1351 6729
4504 6928
9 27
7822
49
2014 4008 4211 5189 7511 7788 7910
1728 2713 2739
72 242 515 678 817 1177 1523 2001 3969 4288 6402 6403 6875 6976
5077 5283 5825
6626 6657 7657
1399 1452 1764 2822 2851 2944 5523 6327
8257
34 49 1844 3377
3322 3851 5045 5267 5382 5394 5912 6028 6249
55
55 7603 7604
249 6538
6928
6614 6628
6928
6928
36
19 1225
8 628
3379 6372 8110
75 729 3996 6372
42
4883 6477 6779 6797 7106 7992
1971 5020 6013
6373
797
6928
6509
14 52
19 5425
7010
2506
609
5522
49
34 7859
167 421 589 624 740 4236 4258 7296 7694
7250
41
6928
3559
33
1703 1793 2433 2594 3106 3505 4637 4716 5517
21
434
434
734
166 332 928 1136 3892 4235 4396 6706
33
6928
6928
447 2100 3062
6928
1813 3503
1522 1909 2178 2558
1598 1740 1771 2381 2455 3103 6289
1295 2506
196 7788
6176
1822 1998 6484
3623 6928
7495
34 7470
6626 6657 7657
47
6626 6657 7657
47
20 662 740 2601 2606 3081 3257 3746 4480 4493 4706 5386 5760 6334 6378 6623 6729 7639 7647
3639
632
7482
47 98 607 897 5089 6492
62 6386 6468 6660 6913 6928 6997 7003 7064 7302 7468 7747
1446
63
729
3103 4505 4604 5536 7914
1432 1659 1847 2555 2955 3004 3111 3140 3982 4610 5075 5563 5564 5565 5609 6178 6201 6202 6433 7365 7671
2395 2546
3470 6655
3479
639 3888 8085
1971 5020 6013
609 721
30 34 589 639 4200 6694
6928
4193 5181 5641 6029 6742 6789 6928 8204
141 4010
1377 4869 4922 4926 6634
7788
3301 3559 5385 6928 7230
4372
4889
5156
1877
1511
2594
2602 3007
3540
2619 3038
1408 3150
2761
1479 2506 3008 3037
1351 2771
3428
3522
2257
2939
3132
2761
2594 3428 3483
1351
2761
2761
1686 3199
1511
2923
1511
1511 3428
2923
1511
1564
3540 3589
2170
1917
3428
3461
3034
1869
1875
3461
2239 2854 3272
1511 3129
3428
3257
2313
1320 3611
3048 3230
2821
1155 7754
305 1099 1155 6462 7754
6981
3048
2683
2057 2565
2549 3096
3384
798 926 5962 5963 5965 5966 5968 5970 6357 6358 7718
57
6904 7039 7311 7700 7790 7905 8123
3838
191 739
7289
344 415 451 566 1153 6381 6612 6837 7431 8043
2645
1130
14
2988
57 6390
5924
8088
740 6378
6928
6928
549 6373 6562 7833
4100
47
6928
36
35 3771
4204 6467 6775 7607 7618 8090
4382 6928 7153 8184
28
2201
89 423 3194 5568
6928
3048
24 212 744 3572 3949 5641 6161 7192
8213
6928
163
9 91
62
16 2556 3639 7467 7605
616 1046 4035 4423 6710 6868 7085 7341 7387 7398 7736 7827 7849 8144
632
5924
6467 6775 7607 7620
6511
4370
210 467 618 747 903 1606 3869 6704 6721 6860 6888 6929 7067 7201 7223 7333 7438 7988
2487 7539
6361
167 180 181 346 394 504 571 650 725 787 823 901 984 4236 6385 6486 7435
8 43
6928
8 34
22
34
1401 1780 3168 3186
609
3171
3461
3087
365
8 43 52
729
8156
3461
6928
5307 5660 5929 6477 7106
2645 2716
571 1067
4024
1021 1049 4084
1553
3809 5127 5128 5294
49
4159
6928
179 2198 2395 5819
6773
2557
1511
2506
5814
2093 3048 3341
1877 2501 2706 3017
1877 2201 3559
2091
2998
5327 6007 6313
2193 3577
1694 1711 2101
2594
6256
2688
6707
8190
